0.26666666666666666	0.1224400871459695	0.10631808278867103
0.16372592592592594
0.2514161220043573	0.15163398692810456	0.1159041394335512
0.17739564270152505
0.08838053740014523	0.08736383442265795	0.10798838053740008
0.09001902687000725
0.6585834333733497	0.4474589835934369	0.3267707082833135
0.49682673069227673
0.6047551387704837	0.4157999431656722	0.36442171071327106
0.4664404281519371
0.6915384908689168
0.3294206191198996
0.4451106021870344
0.6238199697780776
1.006495372460088
0.36823230918754773
0.44916852980642585
0.6484028285814757
1.0273130774813057
0.3299492385786803
0.5796097286564862
1.0019512213675874
0.25088593591697506
0.67295933969393
0.42236443856209643
0.9554237288135593	0.044576271186440676	0.	0.	0.	0.	0.	0.