0.30370370370370375	0.18518518518518517	0.16470588235294115
0.2182875816993464
0.2949891067538127	0.17167755991285402	0.1559912854030501
0.20675947712418302
0.07573529411764705	0.05710784313725489	0.05514705882352941
0.062453921568627446
0.5779911964785913	0.4085634253701478	0.35526210484193677
0.4531459783913563
0.5044668755075986	0.3449240051050007	0.3169625246548327
0.38943971458405835
0.6794067013341123
0.3275422392140415
0.43329338904475106
0.6458732104824154
1.0166063152774851
0.35751352489918675
0.4058876811244477
0.6217611076177544
1.0222117005894502
0.29170680601192905
0.5798324951958733
1.004987562112089
0.28872314629484813
0.715471581100715
0.42747202613660024
0.9555628703094141	0.044437129690585914	0.	0.	0.	0.	0.	0.