0.11459694989106751	0.04139433551198257	0.024400871459694988
0.061344662309368185
0.08976034858387799	0.027015250544662306	0.006971677559912854
0.04349106753812635
0.10557111733582313	0.07158418923124807	0.030438842203548092
0.0770557111733582
0.33309323729491797	0.12012805122048803	0.03313325330132052
0.17388723489395747
0.24222222222222192	0.07732026143790832	0.02298474945533765
0.120431699346405
0.7071032210804795
0.3113299253619431
0.44000558062426437
0.6823926559607921
1.046606921489798
0.4075362224182238
0.5301770384668009
0.6695641096754932
1.0095291613795414
0.39379256449023375
0.6431241354894887
1.033316283049102
0.257527463845089
0.6450825204131253
0.3902086922237491
0.9751612903225807	0.009193548387096774	0.007580645161290323	0.008064516129032258	0.	0.	0.	0.