0.2676470588235294	0.20718954248366012	0.1486928104575163
0.21859771241830062
0.28409586056644875	0.196078431372549	0.1559912854030501
0.21782570806100215
0.43753501400560224	0.42296918767507	0.4084033613445378
0.4256638655462185
0.6376950780312127	0.4697078831532608	0.32164865946378524
0.5030573029211682
0.5102865761689288	0.3609170437405732	0.3029502262443439
0.3989703167420814
0.6703578253767613
0.332041117133742
0.3786164950316474
0.6259492975301284
1.0048904790553022
0.34412311360849573
0.4275141207291443
0.6387987750842761
1.0210425359292081
0.2684887141337174
0.5803753824510093
1.
0.31334570724078353
0.732374155676517
0.4196680817513639
0.7391089108910891	0.20313531353135314	0.05099009900990099	0.006765676567656765	0.	0.	0.	0.