0.2714596949891067	0.2130718954248366	0.2566448801742919
0.23549716775599128
0.43006535947712415	0.3416122004357299	0.30413943355119827
0.36378779956427015
0.3049486461251165	0.21568627450980396	0.20971055088702154
0.24169449112978522
0.7418167266906764	0.43769507803121205	0.3601440576230491
0.5197866346538613
0.6123680241327295	0.31749622926093507	0.274995810289928
0.4008178481649068
0.7376616944392282
0.3822264387355901
0.5051194876996632
0.6887169205707177
1.038652309881819
0.3659980316013513
0.5008749685716202
0.6434703288940666
0.9977167332083282
0.4046631680458232
0.6171006724374923
1.0113480634990069
0.21498784780157387
0.607935632692201
0.39426835197486526
0.8357156470364018	0.14503525824280541	0.018867924528301886	0.0003811701924909472	0.	0.	0.	0.