0.38398692810457513	0.3911764705882353	0.39281045751633986
0.3892130718954248
0.32984749455337686	0.4296296296296296	0.43267973856209146
0.4001424836601306
0.049350649350649305	0.020982938629997432	0.014463967405143874
0.028721721415839035
0.916286514605842	0.749899959983994	0.650820328131253
0.788354461784714
0.8253026427962481	0.5186700767263427	0.4622676896845695
0.6039233418584822
0.6403167271951756
0.31589669643792095
0.4754249501239369
0.6742983001495879
1.0144635197849108
0.32723683258861475
0.49482054501916156
0.6874888763628569
1.0301173716736844
0.39447001339501325
0.6309143477942294
1.000818269247256
0.23649294112582997
0.6063523220306541
0.36993543622835384
0.7672727272727272	0.17181818181818181	0.05242424242424242	0.00803030303030303	0.00045454545454545455	0.	0.	0.