0.43529411764705883	0.1586056644880174	0.050980392156862744
0.22906623093681916
0.26971677559912854	0.0980392156862745	0.036601307189542485
0.14236688453159038
0.1318394024276376	0.0736227824463118	0.03062558356675998
0.0861278711484593
0.7587034813925573	0.3358943577430972	0.1460584233693477
0.4406729891956783
0.6287058823529409	0.1907973856209146	0.0935424836601305
0.31064496732026103
0.7164678715722076
0.3610082798750649
0.4308755362868298
0.6461868245710906
1.0107790843175593
0.36096267611418087
0.48124763529071496
0.6901206728043519
1.0343662962094522
0.3276043865448785
0.6088075792377423
1.0023026377576012
0.28153753574766816
0.6757090111365956
0.39437820875705715
0.9233333333333333	0.07533333333333334	0.0013333333333333333	0.	0.	0.	0.	0.