0.41655773420479303	0.2884531590413943	0.2601307189542484
0.32352766884531586
0.37603485838779954	0.29542483660130714	0.2614379084967321
0.3156527233115468
0.6745098039215685	0.5596638655462183	0.4336134453781513
0.5796330532212882
0.8609843937575029	0.6076030412164866	0.5463785514205679
0.6763844737895156
0.6956078431372544	0.4237647058823527	0.4052810457516339
0.5029386666666663
0.6901415468313787
0.3605605980445417
0.5469104267886721
0.7159607278697002
1.022925566638926
0.3419880978108058
0.4121361308968573
0.6657866842137153
0.9800093881470492
0.40119350547112287
0.6638964348643392
1.005410709334471
0.2738463891224312
0.612565445026178
0.34159154100225625
0.870625	0.11078125	0.0128125	0.005625	0.00015625	0.	0.	0.