0.34509803921568627	0.34509803921568627	0.34509803921568627
0.34509803921568627
0.3647058823529411	0.3647058823529411	0.3647058823529411
0.36470588235294105
0.2169934640522876	0.2169934640522876	0.2169934640522876
0.21699346405228762
0.5398959583833529	0.5398959583833529	0.5398959583833529
0.5398959583833529
0.46925199709513415	0.46925199709513415	0.46925199709513415
0.46925199709513415
0.7083606045423306
0.38512293005646336
0.4680274690516568
0.6746571515085273
0.9861628965661264
0.34089181062552953
0.4061853823677357
0.654709455745259
0.9911909468089404
0.3349514563106797
0.6416583731266621
1.0028856146653677
0.307668277319401
0.6693796542814983
0.36171665928362995
0.8154098360655738	0.14032786885245901	0.043278688524590166	0.0009836065573770492	0.	0.	0.	0.