0.33899782135076256	0.19041394335511982	0.1381263616557734
0.2288797385620915
0.20087145969498912	0.12505446623093683	0.07363834422657951
0.14186230936819172
0.1196514161220043	0.1227015250544662	0.10213507625272333
0.1194449673202614
0.7110044017607046	0.5271708683473387	0.36134453781512604
0.5632328931572629
0.6430863254392666	0.4683728036669213	0.38953399541634864
0.5116245225362872
0.6887639626338028
0.3312262136409234
0.4384662938764846
0.6539686550126288
1.015322163275471
0.36402766865519576
0.4900187702508872
0.659871034066877
1.0115896304118532
0.3582455878463051
0.6068258327265845
1.0007117438623487
0.2506412220634684
0.6439439745314286
0.39389841597720054
0.8624137931034482	0.10586206896551724	0.02103448275862069	0.009482758620689655	0.001206896551724138	0.	0.	0.