0.5241830065359477	0.3328976034858388	0.2714596949891067
0.3830880174291939
0.4762527233115467	0.3045751633986928	0.24444444444444446
0.3490518518518518
0.2182836771072066	0.16898395721925122	0.1517188693659281
0.18175635345047103
0.7080432172869152	0.40584233693477373	0.32677070828331345
0.4871862344937976
0.6817973856209146	0.35307189542483625	0.30359477124182965
0.4457204248366009
0.7090537593130114
0.3762998305872592
0.5128769591050322
0.6869128253284359
1.0364413319248518
0.33424698859584023
0.433145002917988
0.6789184818722708
1.041588935523138
0.3356624537482015
0.6067708333333333
1.0000216410400709
0.27627203649917653
0.6682554072506939
0.3932841975796098
0.8912280701754386	0.08701754385964912	0.020526315789473684	0.0012280701754385965	0.	0.	0.	0.