0.2496732026143791	0.15119825708061002	0.048366013071895426
0.16891938997821349
0.2941176470588235	0.1869281045751634	0.1616557734204793
0.21609673202614377
0.09344537815126056	0.0823529411764706	0.03126050420168067
0.07984504201680676
0.48667466986794655	0.3418967587034814	0.19975990396158452
0.3689817527010802
0.3768221771467208	0.21970250169033137	0.1534956051386071
0.2591336984448952
0.6878721647453314
0.3372177845691
0.4401441333268632
0.6523694758149832
0.9988955407623982
0.3576085320760636
0.45461746930490593
0.6638853694517342
1.024219055821393
0.3350531895686273
0.610035318834958
1.0000177152625858
0.27498755660574303
0.6651850038933167
0.3905012253974319
0.92	0.06806451612903226	0.011935483870967743	0.	0.	0.	0.	0.