0.11328976034858386	0.1045751633986928	0.12549019607843137
0.10956514161220042
0.1991285403050109	0.17559912854030496	0.220479302832244
0.18775076252723308
0.8074829931972782	0.7331332533013203	0.6634653861544617
0.7474216886754698
0.7715886354541817	0.5642256902761102	0.5306122448979586
0.6223952781112443
0.43720588235294094	0.24705882352941155	0.23372549019607824
0.30239279411764686
0.6333491648901607
0.3930415310000166
0.5049172804491732
0.7701487052986893
1.0318949164799465
0.24041075237273407
0.3963598639349583
0.7353081797676123
1.0486903187697854
0.3214152938418981
0.6882729908404641
1.0015250420621535
0.3677226008479229
0.6828003648780923
0.3163483671961228
0.8777104591836735	0.10586734693877552	0.01610331632653061	0.00031887755102040814	0.	0.	0.	0.