0.2810457516339869	0.2174291938997821	0.2174291938997821
0.23645054466230933
0.2701525054466231	0.2074074074074074	0.20871459694989106
0.226317211328976
0.3606442577030812	0.330812324929972	0.2809523809523809
0.3340480392156862
0.6726690676270514	0.5211684673869543	0.5234093637454976
0.5667226090436173
0.5110885733603783	0.4114435429344151	0.41020960108181204
0.44109673766058133
0.6898907103825137
0.3626245378397627
0.46412043610055903
0.623213782319558
1.0238462355312892
0.3313904970545171
0.39500878392533223
0.6055728895579687
1.020619321037549
0.2937263550756263
0.5459905660377359
1.000059719319253
0.25500568087811376
0.7085803867720817
0.45414095645695574
0.8913846153846153	0.10246153846153847	0.006153846153846154	0.	0.	0.	0.	0.