0.41960784313725485	0.29891067538126365	0.16557734204793026
0.319799128540305
0.42222222222222217	0.30457516339869284	0.19912854030501093
0.3277307189542483
0.3518716577540106	0.20827094474153282	0.061532976827094465
0.2344794295900177
0.8266506602641055	0.6408163265306125	0.5679071628651458
0.6880691476590636
0.7254590725178957	0.4835978835978832	0.4602240896358541
0.5532497665732956
0.6627456044641727
0.29314362700459584
0.4771062911863737
0.7093913677777693
1.0310330890213069
0.37180617601153154
0.534009506022343
0.6871190359918236
1.027995862933151
0.40727913533878096
0.6442067063488855
1.0025477748298715
0.24323897572661748
0.5962591190452726
0.36093519365746735
0.8709259259259259	0.10518518518518519	0.01925925925925926	0.0024074074074074076	0.0022222222222222222	0.	0.	0.