0.15381263616557736	0.03442265795206972	0.019607843137254898
0.06843137254901961
0.23965141612200433	0.11808278867102395	0.09978213507625272
0.15234553376906318
0.3045378151260503	0.09047619047619038	0.02633053221288515
0.1471680112044817
0.6004001600640254	0.34389755902360936	0.27066826730692267
0.4122436974789915
0.4855505279034691	0.20754147812971324	0.1571040723981899
0.28491631975867254
0.6944759378094384
0.3458881597434778
0.4305347283220824
0.6267123319759668
0.9979472786831206
0.36231744591168663
0.4484302567148141
0.6314198156496865
0.9885139321014832
0.338680596811125
0.5939173488245686
1.0000762049915375
0.2553329803472313
0.6616348698400153
0.4063221002381747
0.9398268398268398	0.05974025974025974	0.0004329004329004329	0.	0.	0.	0.	0.