0.600871459694989	0.4627450980392157	0.41176470588235287
0.4982331154684095
0.38562091503267976	0.2627450980392157	0.21655773420479302
0.2942196078431373
0.1238095238095238	0.10352941176470588	0.07781512605042017
0.10666173669467788
0.9335734293717481	0.7730292116846742	0.7010804321728695
0.8128297719087636
0.8975163398692805	0.6698366013071896	0.6390522875816993
0.7344034313725489
0.7250956977303247
0.3562596435592946
0.5176737013264786
0.7204688933252291
1.0122305027233836
0.37936980838108664
0.5143098110694547
0.6975638687637372
0.9986674188073682
0.4293787877257936
0.6718671371862742
1.0001020356106936
0.24267934643588154
0.5707253278884464
0.3286553349401705
0.8423120089786756	0.09558548447437336	0.04582865693976805	0.012345679012345678	0.003554059109614665	0.0003741114852225963	0.	0.