0.4248366013071895	0.2575163398692811	0.17167755991285402
0.297759477124183
0.5350762527233115	0.3642701525054466	0.28888888888888886
0.4067477124183006
0.2726216412490923	0.179520697167756	0.08198983297022511
0.19623936092955702
0.8961984793917563	0.6656262505002003	0.5394957983193277
0.7201884753901561
0.791285403050108	0.5416296296296298	0.5036688453159042
0.611949176470588
0.7088616613656613
0.3624379142379924
0.45955077984856507
0.6474082633615554
1.0161844780444542
0.35039730355675275
0.451436878276403
0.6649124024137256
1.0405070337365654
0.3236578396522891
0.5900269836327966
1.0031948963187562
0.2668112274776699
0.6798932965405856
0.41317662808045047
0.8323180018275967	0.1393542491623515	0.028023149558330795	0.0003045994517209869	0.	0.	0.	0.