0.22352941176470587	0.1943355119825708	0.1559912854030501
0.19869324618736384
0.24923747276688452	0.21307189542483657	0.1934640522875817
0.22165010893246184
0.5564145658263306	0.5118207282913165	0.49736694677871135
0.5235065546218487
0.5411764705882349	0.38775510204081637	0.38247298919567835
0.43302593037214876
0.4827332144979205	0.3672964943553178	0.3512061794414735
0.3999777777777777
0.708528545653017
0.32940677801924945
0.5243502215348905
0.7303127480404629
1.062696903904897
0.3791342536769661
0.5539268633137958
0.7703968267869146
1.0768583766732474
0.40396230681373785
0.6585373311744129
1.0071225552085654
0.25512783377333453
0.6031621599228579
0.3494497587830731
0.8725	0.11911764705882352	0.007794117647058824	0.000588235294117647	0.	0.	0.	0.