0.44618736383442265	0.3612200435729847	0.35511982570806094
0.38592984749455334
0.37745098039215685	0.2983660130718954	0.28366013071895424
0.32033594771241825
0.20438842203548083	0.18627450980392155	0.1788982259570495
0.19084967320261434
0.8391356542617044	0.705402160864346	0.6766706682673068
0.7421130852340937
0.7985846970367088	0.6410732714138284	0.6127082411912131
0.6849355742296914
0.681909288284816
0.35546107788693104
0.541299024773683
0.6269681983182365
1.0245864610549662
0.3270050469757771
0.49203588982792135
0.6738264762208835
1.0692524536160495
0.4016141636524868
0.569383638537613
1.004905664108456
0.18459709808568686
0.609803266708747
0.4358167123547657
0.7353522053982884	0.16677638797454467	0.06758832565284179	0.02413868773315778	0.006144393241167435	0.	0.	0.