0.4183006535947712	0.29063180827886703	0.20958605664488017
0.3195655773420478
0.3668845315904139	0.22570806100217863	0.16296296296296298
0.2607668845315904
0.1062558356676004	0.10849673202614381	0.10364145658263306
0.10727320261437909
0.6322529011604645	0.4675470188075225	0.4126450580232091
0.5105352541016404
0.5774692485689926	0.39827061259286306	0.36760443307757856
0.44835506028498334
0.7010511887541981
0.36001496183604104
0.5169625078212591
0.666896376422781
1.03022838555208
0.34896280101919347
0.4575182907765721
0.6478746194969179
0.9900135577271894
0.39169743379167976
0.6089080583810528
1.0000170991322204
0.2199765191808895
0.6088080084909437
0.39191837138987645
0.8496774193548388	0.13725806451612904	0.01064516129032258	0.0024193548387096775	0.	0.	0.	0.