0.4152505446623094	0.2910675381263616	0.21394335511982568
0.3194061002178649
0.4989106753812636	0.3769063180827886	0.34466230936819164
0.4097098039215686
0.12238562091503269	0.07156862745098039	0.05751633986928106
0.08516094771241829
0.8296118447378952	0.5365346138455377	0.4441776710684269
0.6136360144057619
0.7129785247432302	0.45002334267040106	0.38001867413632123
0.5206664098972918
0.7006899754751207
0.324169905614904
0.5155029838096766
0.7345631969812317
1.0237979308252658
0.37883260547387937
0.5528698074040671
0.7495209830283835
1.0426885737643905
0.4310815409225216
0.682478694969368
1.0000811359027704
0.25161823610295814
0.5690011681946655
0.3179277558413589
0.9436206896551724	0.04913793103448276	0.003965517241379311	0.0032758620689655174	0.	0.	0.	0.