0.4596949891067537	0.339433551198257	0.23572984749455336
0.3635694989106753
0.452723311546841	0.3202614379084967	0.21742919389978213
0.34814466230936814
0.06901960784313725	0.08117647058823532	0.04729411764705883
0.07367898039215688
0.6317727090836333	0.4385754301720684	0.3401360544217686
0.48511932773109206
0.5859133126934987	0.35660474716202256	0.2644478844169245
0.41466212590299273
0.713144981658547
0.35515630541426435
0.5151521844209314
0.6867604752780849
1.0209249512550298
0.366244416917163
0.49857467394400984
0.696851534391442
1.0130097992115734
0.41490532908394023
0.6471944341179403
1.0068966334484524
0.2336381839927441
0.5922143705396562
0.36019110679083627
0.8425105891413169	0.13554100885637274	0.017135155949172122	0.004813246053138236	0.	0.	0.	0.