0.5111111111111111	0.36427015250544664	0.2867102396514161
0.3993337690631808
0.3825708061002178	0.19999999999999996	0.11721132897603485
0.24515076252723306
0.24501960784313734	0.1860392156862745	0.1563921568627452
0.20029458823529417
0.8672268907563022	0.6984393757503006	0.6188075230092037
0.73982881152461
0.7432438192668364	0.5369778346121055	0.47994458653026423
0.5921495737425401
0.6952115782045564
0.34229365926703226
0.4243070731136362
0.6653434009652154
1.0215795400546737
0.3570159365156086
0.46790846893564764
0.6645708122277394
1.030444558624021
0.31751746865214825
0.6047110423384057
1.003061795502814
0.2892351601080274
0.6863571522226181
0.39862922399597445
0.8751666666666666	0.1175	0.007333333333333333	0.	0.	0.	0.	0.