0.4257080610021786	0.2361655773420479	0.1869281045751634
0.28722570806100217
0.4718954248366013	0.2906318082788671	0.2518518518518518
0.3404087145969499
0.912044817927171	0.771988795518207	0.7056022408963584
0.8062974789915965
0.8722689075630249	0.6485794317727092	0.5402160864345734
0.703109163665466
0.7019782913165262	0.33026960784313725	0.2924019607843138
0.43709359243697465
0.6980783096804262
0.36851838222426586
0.48421126598139563
0.736240870798892
0.9934341849641434
0.3450294371499336
0.3955758206151785
0.7101487592966551
0.9879816863181219
0.3422265452364308
0.706951911128869
1.0010119879402044
0.3685152986104069
0.6633444252017808
0.29484256987822616
0.8654970760233918	0.11046133853151396	0.023391812865497075	0.000649772579597141	0.	0.	0.	0.