0.3468409586056645	0.22004357298474944	0.155119825708061
0.25055468409586057
0.28627450980392155	0.14553376906318083	0.11938997821350761
0.18463485838779958
0.19813725490196085	0.10999999999999995	0.07352941176470588
0.13219539215686274
0.6623449379751901	0.46338535414165616	0.3890356142456981
0.5143983993597435
0.6497032529486888	0.44486514912478403	0.40522875816993503
0.5015931935992788
0.6932576488560647
0.39155900905284263
0.5667249623494633
0.663961193436568
1.047135793408435
0.3047772527913369
0.489005011118208
0.628512417761054
1.0379159700587501
0.42832825529399776
0.5772373124953694
1.016007277417729
0.15136983199641918
0.5892730640021785
0.4388507612210396
0.8175194568637192	0.16708064249047855	0.015068719986752774	0.0003311806590495115	0.	0.	0.	0.