0.42908496732026147	0.3199346405228758	0.29673202614379085
0.3499254901960784
0.3761437908496732	0.22679738562091503	0.20653594771241826
0.26914215686274506
0.6093137254901965	0.5736274509803925	0.561764705882353
0.5829452941176474
0.7022008803521413	0.5118047218887548	0.502761104441776
0.5677022008803517
0.6311942959001782	0.4397615864527629	0.4136809269162208
0.49402677139037426
0.7009194977444275
0.3340834718354428
0.4884297582814923
0.682468697989618
1.0499623828161062
0.3691100282809249
0.551485340142187
0.6435006473969891
1.0261591734939686
0.4117986980884836
0.5926368661576515
1.0061539042374907
0.19791050890777342
0.59964173799742
0.41463735397569595
0.9506060606060606	0.04727272727272727	0.0021212121212121214	0.	0.	0.	0.	0.