0.2814814814814815	0.16993464052287582	0.13420479302832242
0.19921394335511983
0.3638344226579521	0.28235294117647053	0.23834422657952073
0.30169891067538124
0.30224089635854334	0.25176470588235267	0.2219047619047616
0.2634530532212883
0.6678671468587439	0.4775510204081631	0.4146458583433372
0.5272843537414966
0.6697586726998488	0.48404977375565594	0.44922699849170444
0.5356069381598791
0.6841601773886115
0.35551711481256626
0.5029150652318503
0.6336597397582193
1.0245240683434893
0.3335947764776233
0.40960995118196114
0.6383507139640475
1.0123491179091033
0.3441383897584709
0.5775780253919186
1.0003508002738908
0.24623557734084894
0.6614867015687107
0.42355029224619195
0.9152631578947369	0.08315789473684211	0.0015789473684210526	0.	0.	0.	0.	0.