0.47745098039215694	0.35163398692810455	0.3173202614379085
0.38534150326797384
0.44008714596949894	0.3006535947712418	0.2766884531590414
0.33961220043572987
0.18323529411764716	0.1621568627450981	0.19676470588235304
0.17240460784313733
0.688835534213686	0.49435774309723823	0.463305322128851
0.5489666266506599
0.6678104575163396	0.4264433551198258	0.42314814814814816
0.49823646514161213
0.6680370136832119
0.333083763538777
0.42722421058937066
0.6269222931539566
0.9804633452098349
0.3456249661070934
0.4366775977656398
0.6257847536457366
1.0153057136085393
0.33378934915241937
0.5898362051041453
1.0000169008847626
0.2561007078441267
0.6667680651209267
0.41261658587725564
0.9361290322580645	0.0635483870967742	0.0003225806451612903	0.	0.	0.	0.	0.