0.548148148148148	0.3568627450980392	0.3241830065359477
0.4103315904139433
0.4509803921568628	0.2671023965141612	0.22440087145969498
0.3172139433551198
0.43585434173669474	0.32754435107376273	0.3058823529411764
0.35745957049486454
0.7304521808723491	0.43961584633853495	0.3829531812725088
0.5201163665466183
0.7340395161896174	0.42952445345954454	0.37012996769589057
0.5138034858387798
0.6720669894133728
0.3551247998263335
0.5298137821277585
0.6645309461993524
1.0188321261565578
0.32171529911072727
0.4799013875589521
0.6745979165833793
1.0221050814925532
0.41632277596206924
0.6197231199755319
1.0038503303560875
0.20881168110210185
0.5893362847854405
0.3845059646274642
0.85125	0.1455357142857143	0.0032142857142857142	0.	0.	0.	0.	0.