0.355119825708061	0.2174291938997821	0.14074074074074075
0.24985620915032677
0.3071895424836601	0.17429193899782133	0.1281045751633987
0.20876296296296293
0.13830065359477123	0.09333333333333334	0.07555555555555556
0.1047518954248366
0.7859143657462986	0.5396558623449379	0.37190876350540214
0.5941639855942377
0.646797385620915	0.3758645276292333	0.26822341057635196
0.4446023648247176
0.6826463452256852
0.37193224414947346
0.45380807321486316
0.6416765068096897
1.0024856672338138
0.32301106959164555
0.3904011707918688
0.6067122864646537
0.9913373539280622
0.3124999999999999
0.5868726312273116
1.001481600205144
0.2747529741825003
0.6896532792276536
0.41491120308748686
0.945	0.055	0.	0.	0.	0.	0.	0.