0.42385620915032673	0.2869281045751634	0.29084967320261434
0.32831666666666665
0.47407407407407404	0.3485838779956426	0.3450980392156862
0.3857080610021785
0.03719548425430779	0.03992869875222818	0.02745098039215686
0.03768900772430185
0.7509403761504603	0.5762304921968785	0.4873949579831928
0.6183414965986392
0.6359150326797381	0.4150980392156861	0.37147058823529405
0.476148790849673
0.7163049527827706
0.34787899682921586
0.4915317507963598
0.70731247479021
1.0260378252172822
0.3779786088509018
0.5055257391635376
0.6767431270304932
1.0025699421206424
0.40538800320389456
0.6517752723409399
1.0082590528840698
0.24801349317508994
0.6032745458891344
0.3568770380225402
0.7934615384615384	0.1580769230769231	0.040192307692307694	0.00826923076923077	0.	0.	0.	0.