0.30457516339869284	0.23137254901960785	0.2026143790849673
0.2499816993464052
0.3459694989106753	0.23311546840958605	0.21917211328976036
0.26526928104575165
0.399887955182073	0.36056022408963595	0.374341736694678
0.3738903081232494
0.709083633453382	0.5656662665066025	0.5404561824729888
0.6056741096438576
0.5607843137254895	0.42563293516640366	0.40443242431072035
0.4636263391180224
0.736340588802938
0.37850485756797286
0.5296585184118688
0.6541176367864235
1.0466105229630644
0.36017976455707923
0.48445220688855845
0.6484479750571179
1.0298449041609035
0.37801912716564684
0.5666242420901563
1.
0.19102038932681967
0.6225586812236316
0.4336868781966879
0.963076923076923	0.036307692307692305	0.0006153846153846154	0.	0.	0.	0.	0.