0.28845315904139435	0.15729847494553376	0.07843137254901959
0.18752287581699345
0.28191721132897607	0.18344226579520698	0.10718954248366012
0.20419346405228755
0.4802987861811391	0.3624649859943978	0.2519140989729225
0.3850944911297853
0.847218887555022	0.5787114845938371	0.48619447779111585
0.6484482593037212
0.6814063556457061	0.40483810382390495	0.29416272256028836
0.47491501765457117
0.6522754075122692
0.3773831456312785
0.4005212323508189
0.573731976584426
0.9678313984381449
0.30680679507287306
0.31360351754189963
0.5535671202321611
0.9432401880089747
0.2469400506566462
0.562489746597431
1.0001735893467794
0.31687264355819456
0.753547756034052
0.43841928207219927
0.8192063492063492	0.14936507936507937	0.02412698412698413	0.007301587301587302	0.	0.	0.	0.