0.45490196078431366	0.2888888888888889	0.17821350762527233
0.3259098039215686
0.4596949891067537	0.30152505446623096	0.20435729847494555
0.3377407407407407
0.10016339869281042	0.09215686274509802	0.03240740740740739
0.08773937908496729
0.6661864745898364	0.4601840736294513	0.323809523809524
0.5062320928371348
0.6468907563025204	0.4260130718954246	0.31036414565826326
0.4788715219421098
0.7210036303960506
0.3712140003108687
0.5050858744093853
0.6502465175732125
1.00926165648982
0.3605164502836428
0.47534679959011006
0.645076660566717
1.0007390638953197
0.39459459459459456
0.600451924630029
1.0004821182626848
0.20672178008537256
0.6062014301018037
0.4000753420422356
0.8947457627118645	0.07677966101694915	0.027966101694915254	0.0005084745762711864	0.	0.	0.	0.