0.5538126361655773	0.3873638344226579	0.3037037037037037
0.42759477124183
0.4383442265795207	0.2697167755991285	0.21220043572984748
0.3135795206971677
0.19843137254901977	0.14882352941176477	0.13431372549019602
0.1620021568627452
0.8850740296118443	0.6372949179671873	0.5254101640656257
0.6986260104041617
0.7835784313725481	0.5137066365007538	0.44935897435897454
0.5870626696832575
0.6991059233729398
0.3480755439878053
0.5664140401745615
0.7464776683195091
1.0626203078005338
0.3510303951549164
0.555551932558918
0.7391778317401099
1.0577775503193962
0.4387561204544422
0.6553982768027622
1.0008574454953933
0.2166976589778334
0.5621825496696324
0.3454855877030785
0.9061290322580645	0.07612903225806451	0.017741935483870968	0.	0.	0.	0.	0.