0.41612200435729846	0.22919389978213503	0.13725490196078433
0.2746043572984749
0.2766884531590414	0.1429193899782135	0.05577342047930283
0.17298169934640523
0.6510457516339869	0.4687908496732026	0.3110784313725487
0.5053058496732026
0.6971588635454183	0.5060424169667862	0.4350540216086431
0.5550935574229688
0.5889705882352937	0.3500544662309368	0.28722766884531575
0.4143281318082787
0.6675751495491576
0.34970872280422227
0.5478045326887718
0.6803584556223319
1.0668232109239937
0.3180975540737793
0.5307492900276848
0.6770215948746466
1.0593031188817559
0.41465526199184954
0.5822873426781477
1.0004703624873224
0.16782624477912703
0.5858155060422859
0.4183961500066769
0.8613559322033898	0.11372881355932203	0.018813559322033897	0.006101694915254237	0.	0.	0.	0.