0.4549019607843138	0.3860566448801743	0.3442265795206972
0.4018727668845316
0.3416122004357298	0.2758169934640523	0.25708061002178645
0.2933538126361656
0.26797385620915043	0.26727668845315916	0.2504575163398694
0.2655677559912855
0.8440976390556222	0.6125650260104044	0.513725490196078
0.6705255702280912
0.6676402974983093	0.41043948613928327	0.3835835023664634
0.48428094658553056
0.6589822744074839
0.3417272465501921
0.4465022453550333
0.6506583801529078
1.0094475273541017
0.32275521103879856
0.422655769363329
0.6754339540102172
1.016978813570699
0.32587721952088206
0.6185805762002784
1.0009447333235946
0.2946175670680789
0.6754545405340959
0.38333574913722074
0.9467605633802817	0.052253521126760565	0.0009859154929577464	0.	0.	0.	0.	0.