0.27538126361655774	0.15206971677559913	0.1420479302832244
0.18779738562091502
0.3930283224400871	0.2662309368191721	0.25795206971677553
0.30319956427015243
0.8023342670401497	0.6722689075630256	0.6095238095238099
0.7040055088702151
0.8594637855142055	0.6141656662665066	0.5312525010003996
0.6780577030812323
0.7718221771467199	0.4835699797160243	0.46570317782285303
0.5677205713319807
0.6792913261508862
0.31120098058389845
0.4667692726401977
0.6725870196145073
1.047890887939061
0.369255536975897
0.4982905578872199
0.6713693788684647
1.0293171657917868
0.36226936765309664
0.6004161072153319
1.0026094564513999
0.23861383361191912
0.6407690523757159
0.40222899309659377
0.8039705882352941	0.15279411764705883	0.03235294117647059	0.008529411764705883	0.002352941176470588	0.	0.	0.