0.46492374727668845	0.34596949891067535	0.23747276688453162
0.36916819172113285
0.46840958605664484	0.3581699346405228	0.265359477124183
0.38055119825708056
0.2448752228163992	0.2487967914438501	0.22321746880570387
0.24470819964349358
0.9295718287314922	0.7751900760304122	0.6869947979191682
0.8112959583833534
0.8243589743589738	0.56586224233283	0.538738059326294
0.6400606083459018
0.68129627774373
0.3645321645633164
0.46831082652927
0.6371377917852179
1.000819753857177
0.3264461549900726
0.39432224072434563
0.6228074498870889
1.0032496785113838
0.32171984462446274
0.5873859185236633
1.0001538816659106
0.2689206611104331
0.6812200107983304
0.41288028176145086
0.86953125	0.10640625	0.020625	0.0034375	0.	0.	0.	0.