0.4771241830065359	0.28976034858387795	0.22832244008714597
0.33877821350762527
0.4565359477124183	0.2601307189542483	0.2147058823529412
0.3136774509803921
0.20848416289592722	0.10124434389140256	0.03487933634992455
0.12574343891402695
0.7669467787114848	0.431692677070828	0.36758703481392546
0.5246256102440974
0.6644396030016937	0.3653836843379328	0.3078512063261519
0.44824270152505424
0.7066578863454299
0.28956871361291037
0.4303410201258301
0.6617548722719664
1.0316716276134859
0.4232941478946399
0.55912792389141
0.6341157578258916
1.0018791444688162
0.3872409564535101
0.5960489739233902
1.0047149648003793
0.23287270013008812
0.6263562731624751
0.4102329570507177
0.939517625231911	0.05473098330241188	0.00575139146567718	0.	0.	0.	0.	0.