0.29716775599128537	0.23703703703703702	0.23877995642701527
0.2552148148148148
0.285838779956427	0.23485838779956425	0.22527233115468406
0.24900871459694984
0.881399782135075	0.7475762527233113	0.5134259259259257
0.7608963507625266
0.792877150860344	0.6084833933573428	0.5112444977991193
0.6525318927571027
0.772848583877995	0.5015795206971675	0.43755446623093674
0.5753901143790846
0.6913177571012517
0.33326868549360694
0.4383541918876538
0.6637972441700983
0.9840548283502344
0.3750740295916179
0.49163511064283993
0.6742289765354246
0.9997496851976158
0.38741605135605217
0.6498744654457858
1.0065289837613676
0.2638868749502065
0.6195239861646975
0.35696881502844474
0.7603278688524591	0.2218032786885246	0.017868852459016392	0.	0.	0.	0.	0.