0.06405228758169935	0.05664488017429193	0.04313725490196078
0.05731982570806099
0.06753812636165576	0.019607843137254898	0.01917211328976035
0.03388932461873638
0.7524976657329593	0.6875583566760033	0.6416199813258634
0.7017382352941172
0.8232092837134855	0.6622649059623851	0.5927170868347339
0.7024588235294118
0.4104166666666667	0.21970996732026107	0.21962826797385593
0.2767219566993462
0.6390073551320866
0.3028412228841649
0.4163727534314956
0.6701436811206338
1.0148443736115782
0.33886746682413943
0.471724103557648
0.682216319466684
1.0337308076594038
0.33719667237342554
0.6252123552253344
1.0021931242074746
0.28975023079544193
0.6655888862976642
0.377335253644457
0.8321311475409836	0.1580327868852459	0.009016393442622951	0.000819672131147541	0.	0.	0.	0.