0.3647058823529412	0.2496732026143791	0.20827886710239651
0.27934901960784314
0.39346405228758163	0.2605664488017429	0.2065359477124183
0.29414335511982564
0.8684822076978936	0.7381263616557735	0.6368917937545392
0.7655620188816268
0.8478591436574628	0.6085634253701482	0.5226890756302517
0.6703231692677071
0.7809320091673028	0.5466462948815886	0.4652915711739239
0.6074232849503434
0.690435679444741
0.3430723657068631
0.44578834904264353
0.6550972622806706
1.0209649807489598
0.3535818095392853
0.4473732117768532
0.6030649604223812
1.0124441382190235
0.32975895702927793
0.5732617068388884
1.0028193741563503
0.2459186801727392
0.6730661479438009
0.43323214665310583
0.8884126984126984	0.11079365079365079	0.0007936507936507937	0.	0.	0.	0.	0.