0.38986928104575164	0.3084967320261438	0.2467320261437908
0.3257859477124183
0.39128540305010895	0.33028322440087143	0.269281045751634
0.3415686274509804
0.37712418300653583	0.23071895424836603	0.13104575163398693
0.2631313725490195
0.7114045618247304	0.4729891956782709	0.37398959583833535
0.5329894357743097
0.5893308434484903	0.36981014628073466	0.2915281668222847
0.4265226890756303
0.703835759917711
0.3838381700305903
0.5178227063056534
0.6313946816453168
0.9977810163758463
0.33001466409810465
0.45298173646214107
0.625113030039226
1.0127250344978287
0.39269357176413
0.5802333812195325
1.0020194117548968
0.1915562290774646
0.612106657273686
0.42187206622397105
0.9079545454545455	0.07904040404040404	0.011742424242424242	0.0012626262626262627	0.	0.	0.	0.