0.31808278867102396	0.1699346405228758	0.16339869281045752
0.2134858387799564
0.3532679738562091	0.22222222222222224	0.22450980392156863
0.2616656862745098
0.014005602240896356	0.014752567693744159	0.017647058823529405
0.014859197012138184
0.7451780712284917	0.471788715486194	0.4793917567026806
0.5543988795518204
0.745706558485463	0.5574442190669373	0.5587964841108857
0.6138888167680866
0.6598515746843806
0.3379534125378206
0.5168073731458981
0.6555231694026773
1.0244425482254471
0.32350806113372393
0.5106433660246656
0.6782487641016256
1.0375282534238157
0.4168251779346258
0.6030250533866489
1.0000165145947741
0.1875171187278878
0.5833616436140262
0.3973732435016929
0.8366666666666667	0.13158730158730159	0.029523809523809525	0.0022222222222222222	0.	0.	0.	0.