0.4239651416122004	0.3093681917211329	0.3246187363834423
0.3453712418300653
0.3172113289760348	0.17298474945533768	0.21307189542483657
0.22067843137254897
0.03897058823529407	0.03420868347338931	0.020203081232492988
0.03403585434173665
0.7533413365346143	0.48731492597038745	0.42496998799519775
0.5597494997999196
0.7049071480444025	0.4327004876024486	0.4261437908496735
0.5133428156447765
0.7028677729058649
0.3216328380283205
0.45690305122966407
0.6805994301338719
1.0263561760294988
0.3866930302097243
0.5527247837187209
0.6661766348866227
1.0216048942853295
0.40431579885902613
0.6197359046303936
1.0062400059537917
0.23059160371611506
0.6074902840282819
0.3875363443757747
0.8877869605142332	0.0945821854912764	0.017630853994490357	0.	0.	0.	0.	0.