0.3485838779956427	0.2631808278867102	0.2217864923747276
0.28399738562091503
0.20435729847494555	0.10588235294117646	0.05577342047930283
0.12961394335511983
0.05535014005602242	0.054117647058823534	0.05165266106442576
0.054205154061624655
0.7070028011204488	0.5609443777511004	0.4128051220488193
0.5877279711884754
0.6649332196646771	0.507601591361182	0.40311167945439064
0.5427318982665528
0.6933657757176247
0.3306664399958531
0.5324146748822138
0.7027834315260993
1.0396461505310497
0.36608312801625914
0.5392347522822901
0.6491786707560538
1.021848601231842
0.44296225157463787
0.616813404366086
1.0055981193985093
0.17950604910847962
0.5627339598585257
0.3926505493573317
0.8807017543859649	0.1100646352723915	0.009233610341643583	0.	0.	0.	0.	0.