0.6483660130718955	0.5006535947712418	0.47930283224400866
0.5423856209150326
0.3459694989106754	0.1821350762527233	0.16078431372549018
0.2286875816993464
0.08042232277526391	0.05134238310708896	0.05592760180995472
0.06055999999999997
0.8874749899959983	0.7503801520608248	0.6965986394557828
0.7852404161664668
0.8536748032546344	0.6468187274909958	0.6239028944911298
0.7060562891823391
0.6987213605504508
0.3562237558711001
0.527158040572294
0.7150146368157143
1.0504414087326623
0.3450273612987396
0.5195605282335487
0.6801780322322134
1.015885737421912
0.41941076984994924
0.6334834844519907
1.0018981796916822
0.2153746985117288
0.5832248647065245
0.36841505250296014
0.8181288819875776	0.12170031055900621	0.05143633540372671	0.00873447204968944	0.	0.	0.	0.