0.5982570806100218	0.5010893246187363	0.44183006535947705
0.5233869281045751
0.44618736383442265	0.3459694989106754	0.3359477124183006
0.3747921568627451
0.2616421568627451	0.2029411764705883	0.2778186274509804
0.22902879901960788
0.8141656662665067	0.6645058023209289	0.5530212084833931
0.6965448579431776
0.6604072398190046	0.508084464555053	0.44726998491704395
0.5466961236802415
0.6902046996469933
0.317912683908394
0.44379819962047584
0.6705032479477804
1.0244699985191539
0.37781122255050364
0.48795223346158056
0.6423345926521402
1.0133569736656405
0.3558843042679841
0.6041742336346096
1.003214616689348
0.25203338436910994
0.6478978265932905
0.40078508021106063
0.8786666666666667	0.10366666666666667	0.016	0.0015	0.00016666666666666666	0.	0.	0.