0.4230936819172113	0.24139433551198253	0.19520697167755993
0.29045708061002173
0.45315904139433555	0.29542483660130714	0.2318082788671024
0.3353350762527233
0.04008714596949891	0.03686274509803921	0.05742919389978215
0.04017141612200435
0.919007603041216	0.7348539415766309	0.6334533813525414
0.7783562224889955
0.817429193899782	0.5220479302832242	0.5068409586056642
0.608633333333333
0.7263065516612756
0.35645819823739755
0.4832513797311303
0.677663074337369
1.0321114128673838
0.37391915518428165
0.47926125435070105
0.7024041481916993
1.024020279058535
0.35446741056431663
0.6250665956315156
1.000426143949455
0.2718702953821977
0.6459983063591098
0.376952930626535
0.7971698113207547	0.16547169811320755	0.03547169811320755	0.0018867924528301887	0.	0.	0.	0.