0.21612200435729845	0.1943355119825708	0.20392156862745095
0.20194248366013068
0.19999999999999998	0.14989106753812637	0.12636165577342046
0.16219128540305008
0.3193395252837977	0.31455108359133144	0.3479256965944272
0.31978753353973177
0.7048419367747104	0.5298919567827128	0.5234093637454978
0.5814629851940776
0.5493808049535605	0.3577915376676985	0.34829721362229077
0.41399437564499475
0.6753785158045603
0.3479708260235068
0.43806739924054483
0.6674961662269061
1.0075046879191396
0.3338704109315217
0.45026163854992546
0.6673403194898849
1.01480171037051
0.33563941546710346
0.6225412989147566
1.0000231382394145
0.28732073447591655
0.6645688140895603
0.37752060921245306
0.858044733044733	0.12319624819624819	0.01875901875901876	0.	0.	0.	0.	0.