0.49673202614379086	0.3803921568627451	0.30196078431372547
0.40623660130718947
0.3708061002178649	0.25403050108932457	0.1860566448801743
0.281197385620915
0.022843137254901953	0.012058823529411764	0.022450980392156858
0.01646803921568627
0.7676670668267309	0.5873549419767907	0.4815526210484188
0.6292068027210884
0.6994388327721652	0.5034000132039347	0.4095596487753351
0.5513178187099753
0.6954822496475792
0.3180041293335437
0.4492355304095809
0.5899679569672257
1.0240338376150286
0.37895108498081
0.451982024714898
0.6252952896694827
1.0543518576335442
0.31046305041848304
0.520203154156768
1.0010192516348526
0.213069356161712
0.693149851720264
0.48092405287634354
0.8494827586206897	0.14206896551724138	0.006724137931034483	0.0017241379310344827	0.	0.	0.	0.