0.16688453159041394	0.10631808278867103	0.0801742919389978
0.12144705882352941
0.38649237472766884	0.21307189542483657	0.2222222222222222
0.26596775599128536
0.1261074800290485	0.042955700798838016	0.07345679012345672
0.07129520697167747
0.7683873549419769	0.36510604241696676	0.28291316526610644
0.4763171668667467
0.6123921568627448	0.13525490196078424	0.1499999999999999
0.27959988235294103
0.7118999977693797
0.38952747217557987
0.5924832951638354
0.7584588776417587
1.0456873499632955
0.32238573365294854
0.508075743326611
0.7517117805856286
1.0703898158888736
0.42004551737096457
0.6685737466319306
1.0003966680044936
0.2558826348951179
0.5879823487766843
0.33277721912174885
0.8525454545454545	0.10636363636363637	0.024727272727272726	0.011272727272727273	0.004545454545454545	0.0005454545454545455	0.	0.