0.674074074074074	0.43355119825708055	0.396078431372549
0.501195642701525
0.6104575163398692	0.3967320261437909	0.35163398692810455
0.45549477124183
0.33798111837327527	0.2550472040668119	0.26397966594045025
0.28086274509803927
0.8542617046818726	0.5697478991596637	0.48531412565025994
0.6451920768307321
0.8647822765469815	0.6062388591800355	0.5588744588744589
0.6781437993379166
0.7100176054155279
0.3091262327557754
0.37990221695121035
0.6193310963809621
0.9977881789237635
0.4130888053568036
0.5465275483551687
0.6422228379706776
1.0024625928183055
0.3589839055507147
0.5873955285363044
1.0014212123000215
0.24814625223847328
0.6537604896120427
0.41408554705251155
0.8184482758620689	0.15758620689655173	0.021724137931034483	0.0022413793103448275	0.	0.	0.	0.