0.6962962962962963	0.5041394335511982	0.42832244008714593
0.5529511982570805
0.6893246187363835	0.5032679738562091	0.4200435729847494
0.549411328976035
0.15516206482593004	0.0821528611444577	0.0827130852340935
0.1040464785914364
0.836174469787915	0.5971188475390158	0.5059623849539814
0.6582046418567427
0.7518829754123871	0.44967320261437893	0.38524743230625547
0.5326893868658573
0.7166123546017972
0.37061836849814417
0.5134514545434855
0.6978583619924444
1.0314084034029976
0.3482635446767874
0.5200890374670711
0.6872468247514725
1.0392411795580743
0.40121020254155754
0.6211209611212839
1.0000676018253265
0.22074224307056597
0.5989583333333333
0.37930748052938146
0.9078461538461539	0.08876923076923077	0.003384615384615385	0.	0.	0.	0.	0.