0.43834422657952066	0.36644880174291933	0.3028322440087146
0.38069324618736383
0.5542483660130719	0.42701525054466233	0.3908496732026143
0.4609350762527233
0.06092295504060205	0.06520102990691223	0.0531590413943355
0.06254909883145174
0.7824729891956786	0.6144857943177272	0.525330132052821
0.6545502200880353
0.7558823529411761	0.5233725490196081	0.44145098039215697
0.5835539215686274
0.6969337711174739
0.3571659802979428
0.5594265011213422
0.746696534415607
1.0436318932040354
0.34220137543438817
0.5101088052926585
0.7287902062435377
1.020111441090366
0.43482623722302327
0.6792798154076782
1.0002110867472762
0.24614218938883686
0.5660791742521836
0.32104710080185445
0.8092727272727273	0.14072727272727273	0.038363636363636364	0.011272727272727273	0.0003636363636363636	0.	0.	0.