0.2675381263616558	0.17559912854030502	0.13681917211328973
0.19866797385620916
0.25446623093681914	0.17995642701525053	0.16470588235294117
0.20049629629629623
0.08272058823529413	0.06274509803921567	0.061642156862745094
0.06859203431372547
0.6252100840336133	0.39399759903961573	0.2915566226490595
0.45145186074429755
0.4846717817561804	0.24433077578857593	0.19416879795396397
0.3104742710997439
0.6893230716144703
0.3237229823374393
0.44594929119721205
0.6576039646682834
1.0486327824849364
0.36863541976969716
0.48276699919381544
0.667645344018143
1.03162588137362
0.34306067544504415
0.5983230293545807
1.014524027694802
0.25557996698382557
0.6722211160564531
0.41669281918051
0.8187719298245614	0.13263157894736843	0.033508771929824564	0.014736842105263158	0.0003508771929824561	0.	0.	0.