0.6100217864923747	0.4200435729847494	0.3363834422657952
0.46730980392156857
0.47015250544662307	0.2840958605664488	0.2065359477124183
0.3308849673202614
0.026307189542483664	0.02761437908496732	0.030882352941176475
0.02759607843137255
0.9540616246498594	0.7871148459383754	0.7248499399759908
0.8299337334933973
0.8727300150829552	0.6151432880844642	0.5486877828054298
0.6845857918552031
0.7060897045120511
0.336988533444626
0.5071128117162497
0.708406459842586
1.0317597997878936
0.37067600606746587
0.5489556639203417
0.6982992440674635
1.0453056118627673
0.4157823435532365
0.6324071293312458
1.0000734591935172
0.2202188159658883
0.584646798396105
0.36945550496807644
0.8725	0.10633333333333334	0.019166666666666665	0.002	0.	0.	0.	0.