0.32505446623093676	0.25925925925925924	0.2287581699346405
0.27545490196078426
0.11895424836601307	0.04139433551198257	0.021786492374727667
0.06234945533769063
0.1164705882352941	0.05231372549019607	0.0268235294117647
0.06859074509803921
0.79671868747499	0.590716286514606	0.5507803121248499
0.6477583033213286
0.7359249786871267	0.4568797953964194	0.4145950554134697
0.5354938448422846
0.664186778288513
0.271561650854275
0.4326435067179262
0.6938140756063486
1.0387898739495096
0.39524889301673216
0.5550947439124819
0.6875250096286453
1.022877213021757
0.38938495190751066
0.6382928828538751
1.008366917782369
0.2649170083366396
0.627093960158559
0.3704778173524903
0.8476666666666667	0.13416666666666666	0.018	0.00016666666666666666	0.	0.	0.	0.