0.22265795206971675	0.12113289760348585	0.08322440087145969
0.14716732026143792
0.13681917211328976	0.0718954248366013	0.04270152505446623
0.08797952069716775
0.8069019607843138	0.6756078431372555	0.6322352941176476
0.7099203137254907
0.6957182873149267	0.4685874349739891	0.471868747498999
0.5368736294517805
0.5325414781297134	0.31792986425339387	0.2669871794871796
0.376291270739065
0.6450022886533244
0.3269869499050151
0.5436633516342702
0.6751408093320952
1.0288991362276458
0.3181847191103979
0.527768318395537
0.6845585512352375
1.058952562265984
0.43511661005396907
0.6059849201184512
1.0005809263036372
0.1723467980031225
0.5675258823338744
0.3952590206527517
0.8358730158730159	0.15253968253968253	0.011587301587301587	0.	0.	0.	0.	0.