0.3067538126361656	0.1830065359477124	0.12636165577342048
0.21354945533769062
0.30762527233115466	0.1860566448801743	0.15076252723311545
0.2183821350762527
0.13428401663695766	0.10798177857001376	0.07767874826698347
0.11239160229748453
0.835454181672669	0.681072428971589	0.5958383353341334
0.717515886354542
0.7713012477718358	0.5889483065953655	0.5280494015788133
0.6365293608352431
0.7063329846390146
0.354152568541054
0.48629894000665136
0.6477878734795428
1.0142913005256737
0.3603995741517729
0.47704448380833436
0.6276316409570085
1.0070040531796043
0.38165869029460064
0.5851920005300499
1.0010062327353495
0.20360824742268047
0.619386532846328
0.41618445890374944
0.7677586206896552	0.18293103448275863	0.043620689655172414	0.005689655172413793	0.	0.	0.	0.