0.34117647058823525	0.33202614379084966	0.34727668845315907
0.3365006535947712
0.39215686274509803	0.3982570806100218	0.3734204793028322
0.39360174291939
0.13529411764705884	0.14422657952069717	0.18736383442265794
0.14647342047930284
0.8569027611044417	0.7531812725090041	0.724929971988796
0.7809733493397363
0.7584189231248047	0.5938790330947188	0.5450772901753289
0.637513061520904
0.6911919515403216
0.34828971718960045
0.44463664057393576
0.6794613517222404
0.9952981039866434
0.3471965611296664
0.5168461010776231
0.730017877677125
1.0480262259074526
0.3743930731395093
0.6532029882935675
1.0003010574711642
0.28019097379424224
0.6268956915879502
0.34709965077797417
0.7627241179872759	0.18984962406015038	0.03889531521110468	0.006651243493348756	0.0018796992481203006	0.	0.	0.