0.29368191721132897	0.2557734204793028	0.22570806100217866
0.2636806100217865
0.18823529411764706	0.2274509803921569	0.24444444444444446
0.21766274509803923
0.07738562091503268	0.08549019607843135	0.06640522875816994
0.08089124183006534
0.8220888355342136	0.5955182072829129	0.5090836334533806
0.6534092837134851
0.6804330065359472	0.37359068627451	0.34863153594771235
0.4624911968954248
0.6857610303919743
0.34850405236303095
0.5134687828894866
0.7128969138133734
1.055527356984518
0.3378547762334391
0.471211064817986
0.7281516677362658
1.0851545898949553
0.3392484706702626
0.6196029764505638
1.
0.2847103570543659
0.6647697294137234
0.38063559762914395
0.8073776587832813	0.1453220288561654	0.033318459021270265	0.011006990926669642	0.0029748624126134165	0.	0.	0.