0.3999999999999999	0.19128540305010894	0.12287581699346406
0.24589237472766878
0.4483660130718954	0.23660130718954248	0.1485838779956427
0.2898849673202614
0.38455882352941184	0.2680555555555552	0.2374183006535946
0.29939738562091484
0.9225290116046413	0.7397358943577436	0.5867146858743497
0.776946618647459
0.806445796709488	0.5271579896326345	0.40511606941627215
0.5967522650439483
0.6761363636363638
0.34987074176919075
0.4703681368037388
0.6841954083472982
1.009491637789887
0.3329932195904763
0.440856435736327
0.6728719204026395
1.0113926293245399
0.3531240664127097
0.6360357563802688
1.0000645640314454
0.2832164999467775
0.6474578364904437
0.36424766054419105
0.8576119402985075	0.12313432835820895	0.014328358208955224	0.002537313432835821	0.0023880597014925373	0.	0.	0.