0.39172113289760346	0.2967320261437908	0.2793028322440087
0.32314684095860563
0.3869281045751634	0.3093681917211329	0.3045751633986928
0.3320122004357298
0.3745506535947708	0.3332516339869276	0.28210784313725457
0.33976964869280996
0.6950780312124855	0.4985994397759099	0.45762304921968744
0.5526752300920367
0.6776269482151833	0.4605887939221275	0.4380984302552932
0.5229193005977321
0.7028122608034619
0.3220029067673748
0.4028468765078212
0.6553710274950322
1.043326048326368
0.38746917619757926
0.49972411718969784
0.640195605334467
1.0139766048246401
0.33001569320895824
0.5942022413762335
1.0170469295082059
0.2744039074093266
0.6934985975463469
0.4228587513204652
0.9075438596491228	0.08140350877192983	0.01	0.0010526315789473684	0.	0.	0.	0.