0.2553376906318082	0.19389978213507625	0.19738562091503264
0.21266710239651412
0.2710239651416122	0.21089324618736383	0.20174291938997824
0.22782919389978212
0.3078664799253039	0.23711484593837528	0.24225023342670424
0.2588550186741364
0.6288115246098442	0.389595838335334	0.3472589035614247
0.4562949179671869
0.5730392156862744	0.3528469079939671	0.32458521870286566
0.4154625754147814
0.6518380510143551
0.29284080339148894
0.4023827941611695
0.6446015064214693
1.0066569545009165
0.37319003163941533
0.4682940581291325
0.632983218488742
0.9901705207207928
0.3550044375258135
0.61938921701018
1.0134490582910427
0.2679642366828658
0.6599316831123452
0.39435607036392456
0.9	0.09948275862068966	0.0005172413793103448	0.	0.	0.	0.	0.