0.36372549019607836	0.22254901960784315	0.18137254901960786
0.26006666666666667
0.3150326797385621	0.20130718954248367	0.15468409586056645
0.22999607843137254
0.09935383244206748	0.11040552584670203	0.09828431372548994
0.10571925133689812
0.541016406562625	0.3707883153261305	0.26706682673069215
0.4098622649059624
0.5419885125767483	0.3604278074866311	0.2870865517924342
0.40635355515943766
0.6733301821374502
0.27306099686747004
0.41785540869579685
0.6644656293242048
1.0335388149164462
0.40064102564102566
0.6007539021113162
0.6995028117017538
1.0592694147218424
0.3860411706265773
0.6039419806500831
1.0013140610136737
0.24693712136009044
0.6299750945855196
0.3977789271169597
0.9625862068965517	0.03517241379310345	0.0022413793103448275	0.	0.	0.	0.	0.