0.4862745098039215	0.3411764705882353	0.26623093681917204
0.37601699346405226
0.4714596949891067	0.343355119825708	0.24531590413943355
0.37048191721132895
0.07271241830065356	0.04297385620915033	0.03578431372549019
0.05104607843137254
0.6974789915966393	0.4985194077631047	0.3765506202480991
0.5441038815526209
0.6993589743589738	0.513103318250377	0.41323529411764737
0.5574088046757163
0.6571125254803494
0.35436493070901326
0.47568611800967137
0.6327604859641466
1.0188891693427768
0.30851498286107565
0.4364541460228797
0.5905707235863763
1.004276461497404
0.35928684045241766
0.5586203149852119
1.0000228266204076
0.19948736333117922
0.6407766990291262
0.44195422063364825
0.8839285714285714	0.11589285714285714	0.00017857142857142857	0.	0.	0.	0.	0.