0.21307189542483657	0.1215686274509804	0.10065359477124183
0.14654379084967317
0.2431372549019608	0.19564270152505445	0.19477124183006533
0.2097442265795207
0.37445213379469455	0.25478662053056494	0.2207900807381773
0.2866910034602075
0.7831932773109245	0.5121248499399759	0.3603041216486594
0.5758667466986793
0.8012785051324598	0.5588419693896365	0.4850820579015302
0.6229218636670965
0.6794146711287785
0.32239895491007403
0.4765406929900564
0.6328718006275549
1.0094244795192189
0.3617727188435958
0.49829001201427686
0.653193369653215
1.028641808456596
0.3895777689304762
0.5859340416282953
1.0006012426222937
0.19641240129485296
0.6111488921922702
0.41473792651276203
0.7011290322580646	0.2543548387096774	0.04080645161290323	0.003709677419354839	0.	0.	0.	0.