0.36557734204793024	0.24705882352941178	0.2300653594771242
0.280558605664488
0.3185185185185185	0.2318082788671024	0.2239651416122004
0.256840522875817
0.18843137254901965	0.1231372549019608	0.07666666666666667
0.13736254901960784
0.5814325730292118	0.3539015606242497	0.31492597038815534
0.41749011604641856
0.5308823529411765	0.35868983957219297	0.34139928698752275
0.40820427807486664
0.6986499681228253
0.33960172642101344
0.4310744662067603
0.6744402177918076
1.0294357226016093
0.3636736609857644
0.49469878260774913
0.6705305467197408
1.0305807517922898
0.34399523980183916
0.6150731090944833
1.009254695962478
0.2760327582262957
0.6677468485105843
0.39437039697634513
0.9770588235294118	0.022941176470588236	0.	0.	0.	0.	0.	0.