0.339433551198257	0.23398692810457516	0.24575163398692812
0.26685664488017424
0.33769063180827885	0.24444444444444446	0.2361655773420479
0.27138126361655773
0.1775910364145659	0.12683473389355748	0.1212324929971989
0.1413722128851541
0.7977591036414567	0.5775110044017611	0.5487795118047223
0.6400897959183677
0.7466542172424518	0.541332088390912	0.5479614067849358
0.6034791472144411
0.6859984610994634
0.33591267857797164
0.45241771816789567
0.642618829558687
1.0299887878966967
0.3513280731458207
0.48101177899433567
0.6490042645151629
1.0459386320585466
0.3370786516853932
0.567821868792989
1.0001693559780689
0.23133575911949877
0.6631767899201853
0.43259514539804794
0.9179934942646807	0.06882383153569595	0.008902585173771614	0.0030816640986132513	0.0011984249272384865	0.	0.	0.