0.4662309368191721	0.3084967320261438	0.22265795206971675
0.3458736383442266
0.5790849673202614	0.44139433551198254	0.3311546840958606
0.46999651416121996
0.08065359477124182	0.06183006535947716	0.017973856209150325
0.06245869281045753
0.8133653461384556	0.6092837134853945	0.505242096838735
0.6584433773509405
0.7997875816993457	0.6001960784313725	0.48923202614379097
0.6472240359477122
0.7000991150308838
0.36869682691963657
0.509018452268253
0.6562120809376083
1.0348396048839361
0.33415870852963275
0.4206304275963119
0.6307881041662786
1.026185894815282
0.3369764593747207
0.5706918035045293
1.0002295654865783
0.2388550065575503
0.6673723563560774
0.429690586924742
0.8457407407407408	0.13092592592592592	0.019444444444444445	0.0038888888888888888	0.	0.	0.	0.