0.4549019607843138	0.13028322440087142	0.233115468409586
0.23906710239651413
0.4230936819172113	0.1259259259259259	0.21568627450980388
0.2250117647058823
0.07339869281045755	0.0043790849673202605	0.15372549019607848
0.04204143790849675
0.8230492196878753	0.5020408163265303	0.47771108443377314
0.5952487394957982
0.6990122364735365	0.2306648975379623	0.2661359280554323
0.37474444935869056
0.6899102544997304
0.30131449384216097
0.3774427174396008
0.6719599570674518
1.0484127237080911
0.38864771778714574
0.5009778557363994
0.7079207244563103
1.062310851768877
0.27391472914678866
0.6009512970690971
1.0016417210603081
0.3319844500209164
0.7319712301395663
0.40075890768732925
0.785	0.16224137931034482	0.04051724137931034	0.01	0.0022413793103448275	0.	0.	0.