0.3028322440087146	0.18126361655773418	0.11851851851851854
0.21045969498910674
0.31209150326797386	0.18366013071895426	0.0787581699346405
0.21010228758169935
0.28296296296296314	0.2138562091503268	0.14344226579520702
0.22649193899782138
0.8146458583433375	0.5681472589035612	0.43433373349339693
0.6265955982392956
0.6710661325462081	0.4198749033663645	0.289577623163961
0.48012719094806366
0.7296564313571267
0.38535889998961403
0.5463114119958649
0.6653285655554868
1.0596000181829515
0.34438989339167775
0.4480056924910628
0.6507769282767886
1.058167002788856
0.3436147274463526
0.5533980582524272
1.0000130153255464
0.21960128426587097
0.6625753373488291
0.44663108399796114
0.9114705882352941	0.08852941176470588	0.	0.	0.	0.	0.	0.