0.3721132897603485	0.2466230936819172	0.22614379084967318
0.28181002178649234
0.39509803921568626	0.26437908496732027	0.21797385620915033
0.2981738562091503
0.8674655047204066	0.6334059549745829	0.3773420479302832
0.674198474945534
0.6348939575830329	0.36254501800720274	0.25314125650260094
0.43150532212885134
0.6087091503267976	0.32718954248366006	0.23480392156862756
0.4008319444444445
0.6557493160805649
0.32879220289721317
0.4861482679840922
0.6629106838035941
0.9847197213985787
0.3421250044622593
0.45428162294946467
0.626192791109628
0.9942017144553634
0.4086395006882662
0.6264415459475998
1.0044010476628642
0.21781201658090008
0.5979678801034072
0.3827357629954385
0.7775	0.16078125	0.05125	0.0103125	0.00015625	0.	0.	0.