0.40392156862745093	0.24749455337690632	0.17298474945533768
0.2857721132897603
0.41960784313725485	0.23169934640522874	0.17124183006535945
0.28099183006535944
0.6676470588235299	0.5868983957219254	0.4999108734402851
0.6011256684491981
0.7629451780712287	0.5036414565826326	0.43673469387755054
0.5735458983593434
0.6944313725490191	0.3913725490196077	0.3598431372549019
0.47839278431372523
0.6456289426579722
0.356702503515455
0.46886973849073993
0.662362482298602
1.0053259724194221
0.29656358027195767
0.43834889678233185
0.6716383597542214
1.0054213381285484
0.3680086481636542
0.6344634441262383
1.0021872705535206
0.2671098144148599
0.6341894532856288
0.36864078223617347
0.830377358490566	0.13830188679245284	0.02490566037735849	0.006415094339622641	0.	0.	0.	0.