0.3272331154684095	0.16644880174291937	0.16078431372549018
0.21387755991285395
0.34553376906318084	0.17516339869281047	0.17342047930283225
0.22590544662309367
0.032584670231729056	0.03942959001782532	0.08976827094474152
0.04312156862745098
0.8481792717086835	0.5907162865146058	0.5292517006802716
0.6606907563025209
0.8148337595907923	0.5150137349625843	0.4516055697641375
0.5974313914937955
0.6951443329353495
0.3574199418699138
0.44646880909601205
0.6567193621163628
1.0444442647249992
0.341008702005357
0.43930280911558955
0.6332369316557294
1.019686013490534
0.3083083632538186
0.5769802274368776
1.0053827134006184
0.2690865392141753
0.6974352527085415
0.4284186731032082
0.7962702322308234	0.17346938775510204	0.030260380014074596	0.	0.	0.	0.	0.