0.26100217864923747	0.2540305010893246	0.23224400871459694
0.25363137254901963
0.25664488017429193	0.24749455337690632	0.23050108932461874
0.24829324618736381
0.22168746286393337	0.22162804515745685	0.20445632798573962
0.21968823529411755
0.673709483793518	0.5376550620248095	0.5048419367747092
0.5745946378551419
0.6288838612368022	0.4977752639517344	0.46519607843137245
0.5332627073906484
0.6856282674898615
0.31089251528260925
0.4760975797025898
0.6482181178183118
1.0299505978916765
0.3822494800119415
0.5507158272441576
0.6469765830929745
1.0024612442308525
0.4309845466522953
0.6011872873982975
1.009408861661121
0.17884588073152619
0.5840006219298147
0.4083710644542128
0.948135593220339	0.05	0.001864406779661017	0.	0.	0.	0.	0.