0.28888888888888886	0.24749455337690632	0.25359477124183005
0.2605668845315904
0.2631808278867102	0.2091503267973856	0.21437908496732025
0.2259015250544662
0.4616557734204793	0.4429193899782135	0.4708061002178649
0.45170065359477124
0.7668667466986796	0.6831532613045223	0.634973989595839
0.7026911564625854
0.6859477124183004	0.5716732026143786	0.5557385620915025
0.6040247320261434
0.6799321776716872
0.3423691980941817
0.4524795571604646
0.6247081031141573
1.0385754863950896
0.33868347343603505
0.45861262029892264
0.652614001554421
1.0372023974670153
0.32279260657573594
0.560430359755257
1.0001538816659106
0.2380183761633059
0.6774445961603905
0.4413350898561167
0.8598387096774194	0.11645161290322581	0.01629032258064516	0.007419354838709678	0.	0.	0.	0.