0.06710239651416121	0.035294117647058816	0.01568627450980392
0.04256949891067537
0.059694989106753804	0.0326797385620915	0.012200435729847494
0.03842265795206971
0.005630970336852683	0.009552538964303659	0.017395676219205614
0.00927410759175464
0.29291716686674657	0.16358543417366952	0.08315326130452184
0.19308635454181672
0.1999431656720657	0.10343847684001112	0.06609832338732577
0.1280366013071893
0.631818181818182
0.29920169563441096
0.3900614785227782
0.6224941282369142
0.9457258980150364
0.36676254936697816
0.42640856647975645
0.6576412796024093
0.9532874583820866
0.36299313230745683
0.6604651162790698
1.0002938044060603
0.2979211024330175
0.6373245788085861
0.3403992250234058
0.9973333333333333	0.0026666666666666666	0.	0.	0.	0.	0.	0.