0.15555555555555553	0.1224400871459695	0.08540305010893245
0.12811938997821348
0.21437908496732025	0.1568627450980392	0.1215686274509804
0.1700366013071895
0.2563180827886711	0.22189542483660138	0.20653594771241834
0.23043681917211337
0.6516206482593043	0.47707082833133196	0.36886754701880764
0.5169260504201678
0.48817318782716684	0.3482122260668974	0.2776683524088371
0.38201855203619905
0.6886935568442097
0.3717006343800716
0.4886063871559496
0.6385042325466346
1.0178601951462665
0.3268754651836907
0.3884536227419488
0.602204791817011
0.9910059773458098
0.32963790821010125
0.57379816840927
1.0014004035180384
0.24858829972243895
0.6746411483253588
0.427602848082288
0.92	0.07901639344262296	0.0009836065573770492	0.	0.	0.	0.	0.