0.5477124183006535	0.25925925925925924	0.14379084967320258
0.33234335511982566
0.5063180827886711	0.24139433551198253	0.15381263616557733
0.31062222222222213
0.2205882352941176	0.07745098039215687	0.08088235294117647
0.12064019607843136
0.8988395358143253	0.6512204881952784	0.5597438975590235
0.7148302521008404
0.7152129817444212	0.3758996318834044	0.27574186762827735
0.46593633836676396
0.7299291139346054
0.40054961287857627
0.47020637678074734
0.7129870410734153
1.0268176988706572
0.33199980939631213
0.43736054965754145
0.7155582343627344
1.0427380409153832
0.3005344789798098
0.6458594026783924
1.0004881620988826
0.34535684503840264
0.6999771020680001
0.35462880180763245
0.7320338983050847	0.19864406779661017	0.05423728813559322	0.01	0.00423728813559322	0.000847457627118644	0.	0.