0.37124183006535943	0.3206971677559913	0.2501089324618736
0.3277629629629629
0.2422657952069717	0.18910675381263614	0.13507625272331156
0.19884183006535947
0.031917211328976035	0.11056644880174293	0.061220043572984724
0.0814248366013072
0.8678671468587432	0.7054821928771511	0.6505002000800323
0.7477673469387756
0.770612442507867	0.6455095618494305	0.6129589284273373
0.6792045509561845
0.6513075174301755
0.3098193157987804
0.37453133744419675
0.5921888999246558
0.9875649998528512
0.35467886747024396
0.42854899590025614
0.612041820911763
0.9933921421142926
0.29999999999999993
0.5719488580655777
1.0011890610621361
0.27252220714168524
0.7016976100789298
0.42926489885078606
0.768	0.1575	0.0575	0.013333333333333334	0.0036666666666666666	0.	0.	0.