0.2535947712418301	0.17385620915032682	0.13899782135076252
0.193724183006536
0.24793028322440086	0.16296296296296298	0.13899782135076252
0.18563616557734205
0.14616013071895412	0.12320261437908486	0.11021241830065354
0.12858602941176459
0.6102440976390554	0.45210084033613396	0.41688675470188047
0.49537126850740254
0.5313860716700469	0.37546991210277214	0.34922244759972987
0.4190966328600405
0.6979401110376559
0.3907725413564374
0.5430484763199025
0.6718242311063539
1.0536669612351182
0.3144735163592496
0.358955486135654
0.588873011164691
0.9860569305330599
0.3356743863509826
0.5726943347954355
1.0059201811843088
0.2495542350792515
0.678513092481569
0.4332345618523644
0.9039655172413793	0.08241379310344828	0.012758620689655173	0.0008620689655172414	0.	0.	0.	0.