0.5359477124183006	0.3441176470588235	0.3908496732026143
0.4068022875816993
0.5333333333333332	0.3577342047930283	0.3969498910675381
0.41470893246187357
0.5845938375350138	0.4281512605042018	0.46638655462184886
0.4792864145658264
0.8941176470588231	0.5827130852340933	0.576710684273709
0.6751387755102036
0.8487320261437898	0.5704575163398693	0.5684967320261437
0.6534380653594768
0.7391769869930129
0.4012872860779625
0.520516070817549
0.679441966015612
1.0335490841640063
0.34428311404769135
0.44249656465287956
0.6463083406764799
1.011357200597875
0.3561609692527175
0.5982973462645707
1.0014598547918325
0.24373612203577635
0.6462951399684885
0.4031625906913896
0.90375	0.08982142857142857	0.0064285714285714285	0.	0.	0.	0.	0.