0.3098039215686274	0.19215686274509805	0.2065359477124183
0.22897254901960784
0.34422657952069713	0.21742919389978213	0.22352941176470587
0.256037037037037
0.06652142338416851	0.03805374001452432	0.02607116920842411
0.0451995642701525
0.7234093637454987	0.49267707082833084	0.4479391756702677
0.5565659063625448
0.5804534313725495	0.3196078431372548	0.3129901960784313
0.39684626225490205
0.696663070596967
0.3272689708444564
0.45872688149514335
0.6757965112952843
1.0082767659170404
0.38004344591023925
0.5298312099303265
0.6995547081438271
0.9939919273848663
0.4104939402990854
0.6535533540972137
1.0004660646917758
0.2452237078894464
0.5937919370700624
0.34858709484408856
0.8646076146076146	0.11752136752136752	0.016122766122766124	0.0017482517482517483	0.	0.	0.	0.