0.4697167755991285	0.26623093681917215	0.22745098039215683
0.32265228758169934
0.3352941176470588	0.2284313725490196	0.22647058823529412
0.2601598039215686
0.2542483660130719	0.19248366013071896	0.23888888888888887
0.21624150326797387
0.9482993197278908	0.8336134453781515	0.7306922769107647
0.8561715086034415
0.7274912310965436	0.4816974297050197	0.46217008797653925
0.5529636593640385
0.7209682129922591
0.3371473065397389
0.40962881397887163
0.652470097278984
0.9982042221604048
0.3948902919397341
0.4349367929061021
0.6579842053242955
1.0093414690159759
0.2833834845671753
0.6108257432256512
1.
0.32747637424837556
0.7168922638092179
0.3897039267624486
0.7675757575757576	0.19984848484848486	0.031818181818181815	0.0007575757575757576	0.	0.	0.	0.