0.42396514161220045	0.18344226579520695	0.11808278867102395
0.24790762527233115
0.4570806100217865	0.22832244008714597	0.159041394335512
0.2888230936819172
0.20392156862745103	0.12745098039215685	0.0707843137254902
0.14385568627450981
0.7567026810724293	0.3905562224889956	0.262424969987995
0.4854270508203282
0.6779738562091492	0.31915032679738564	0.22443137254901985
0.4156406013071892
0.7128288102757104
0.34138775783096187
0.4722352532345434
0.6424471772258865
1.0147365876771381
0.3795041386894222
0.4841237921962851
0.6245642928927628
1.009754979044881
0.3725951847190915
0.5783226078974079
1.0014288170972383
0.2062145133530476
0.6288384165756764
0.4239214757714969
0.963030303030303	0.03696969696969697	0.	0.	0.	0.	0.	0.