0.579520697167756	0.5084967320261438	0.48235294117647054
0.5267525054466231
0.4509803921568627	0.3442265795206972	0.30718954248366004
0.37192374727668837
0.4376750700280113	0.4347338935574231	0.42114845938375367
0.43406456582633063
0.7588635454181676	0.5931172468987594	0.5683073229291715
0.6398470588235294
0.7025443510737623	0.5598739495798318	0.5288982259570496
0.5990011671335198
0.6935792506021797
0.315325209223948
0.4301833878572173
0.6660591600047299
1.0235499394060115
0.3798044244154452
0.4884964357892891
0.6618817470536418
1.055185037167931
0.3233093495173021
0.5904172133018593
1.0020008823880153
0.2694436353205456
0.6786962481885398
0.41577768958998507
0.9076271186440678	0.07779661016949152	0.010847457627118645	0.003389830508474576	0.00033898305084745765	0.	0.	0.