0.32984749455337686	0.2801742919389978	0.2967320261437908
0.2969141612200435
0.4252723311546841	0.38387799564270153	0.37037037037037035
0.39471503267973856
0.8802139037433151	0.7700025464731347	0.5948561242678894
0.7829890501655207
0.8519407763105241	0.5838335334133655	0.42408963585434145
0.6457867947178872
0.8091503267973852	0.4932026143790853	0.4323311546840958
0.5807316339869282
0.6424642557887668
0.33436832513639664
0.5172909208415168
0.6977159318500481
1.0064616075897745
0.3143544410042019
0.4703712683781543
0.7025611193585757
1.00867406318486
0.41979911392440067
0.6671811835596412
1.
0.25143079571264004
0.5822559520744555
0.332909005757802
0.8906192065257694	0.09751575824990731	0.011865035224323322	0.	0.	0.	0.	0.