0.19956427015250544	0.23790849673202613	0.17429193899782133
0.2191912854030501
0.20174291938997824	0.2671023965141612	0.19782135076252724
0.2396618736383442
0.12366946778711475	0.1549953314659196	0.09304388422035477
0.13856643323996257
0.735414165666267	0.6329731892757103	0.5229291716686673
0.6510580232092839
0.649439775910364	0.5225023342670402	0.4329831932773111
0.5502514472455649
0.6692241933076659
0.3753747136389188
0.5608682501115504
0.6618752288933323
1.0213453000304828
0.29592057117834064
0.47778722335620794
0.6874983099865658
1.0431638009056896
0.42096738933148087
0.615110735576142
1.004848393337294
0.21158592899364242
0.5901251126495832
0.3906408346965761
0.8303533418475947	0.13686675180928054	0.032567049808429116	0.00021285653469561516	0.	0.	0.	0.