0.38431372549019605	0.29760348583878	0.3119825708061002
0.3251690631808279
0.3464052287581699	0.27494553376906317	0.2980392156862745
0.2989446623093681
0.05514705882352942	0.06580882352941178	0.12965686274509805
0.0698996323529412
0.6519407763105249	0.45714285714285663	0.4595438175270103
0.5156611444577829
0.5906417112299465	0.41024955436720173	0.41708683473389385
0.4649662592309653
0.7074060932373866
0.32596077553957964
0.49049979705493146
0.6659083104154342
1.0276220571456267
0.39836679024067256
0.49614103558551964
0.62173330270447
0.9858501314868563
0.4225948905315066
0.6191659330440212
1.0228913342195909
0.19801323163754553
0.6003886968083155
0.40446065058056435
0.9120689655172414	0.08241379310344828	0.005517241379310344	0.	0.	0.	0.	0.