0.4174291938997821	0.33812636165577337	0.2766884531590414
0.35483398692810453
0.36514161220043573	0.28409586056644875	0.281917211328976
0.30808017429193896
0.06685340802987862	0.07665732959850607	0.07180205415499533
0.07317245564892624
0.7739895958383356	0.5752701080432174	0.40192076830732293
0.6149254101640658
0.6878374538221086	0.4631713554987208	0.36771810173344716
0.5194648479681726
0.7125107551421781
0.38208721435878185
0.5052779587186057
0.6884227005109635
1.046832363047174
0.33482736300402194
0.3530354301784583
0.6318814858749348
1.0085916514322728
0.2816548973776793
0.5942916998971142
1.0026734044436325
0.32266396724372604
0.729755204641444
0.4085889674142382
0.8538333333333333	0.1445	0.0016666666666666668	0.	0.	0.	0.	0.