0.23747276688453162	0.1215686274509804	0.16514161220043572
0.1611912854030501
0.31895424836601305	0.17483660130718953	0.23071895424836603
0.2242983660130719
0.07993966817496219	0.02895927601809948	0.09954751131221702
0.05224947209653083
0.7732693077230897	0.5712685074029608	0.5586234493797515
0.6302252100840334
0.6423384168482206	0.4141031227305739	0.44149600580973136
0.48546826434277424
0.688372408679583
0.3621529687997593
0.4927895956414362
0.6602015604910071
1.015772092601619
0.33326902936316877
0.4439888133194074
0.6469364666369011
1.0067957830315029
0.3667000263259456
0.6048380522013972
1.0001714530659835
0.23949609949247436
0.6342592522089686
0.39533615288566754
0.8589830508474576	0.13135593220338984	0.009661016949152543	0.	0.	0.	0.	0.