0.36252723311546836	0.24705882352941178	0.19825708061002176
0.27602047930283224
0.33899782135076256	0.21960784313725487	0.1708061002178649
0.24974204793028318
0.2448801742919391	0.16252723311546838	0.13013798111837327
0.18345838779956425
0.7135654261704685	0.5438975590236088	0.4834733893557418
0.587739895958383
0.6181019607843138	0.4520784313725488	0.40069019607843126
0.4958612078431371
0.7131056094778873
0.39093239405272256
0.5002903312798773
0.6732046217527011
1.0148546398817235
0.3280877368082651
0.46295913401716315
0.6767302923033316
1.0270266073740182
0.36922933748559034
0.619927702967954
1.0035566704936123
0.2513915822621269
0.6346157956442409
0.38367537873017493
0.8608771929824561	0.13596491228070176	0.003157894736842105	0.	0.	0.	0.	0.