0.31067538126361655	0.22178649237472767	0.20610021786492375
0.24657603485838778
0.39825708061002174	0.28714596949891064	0.2671023965141612
0.3180832244008714
0.37254901960784315	0.30931372549019615	0.278921568627451
0.3247563725490196
0.7355742296918772	0.5004401760704277	0.4411364545818323
0.5639846338535411
0.6398903647480493	0.39803921568627465	0.3683322791482181
0.4669661184904068
0.6529304649279912
0.3304921181051293
0.446794708189482
0.6418377190773509
1.0377174936403226
0.3240366220495128
0.41595206639494425
0.6321617414719627
1.0230924190335482
0.304986275604756
0.5698109196506526
1.000127311950157
0.26549831116144545
0.6954314720812182
0.430369487275764
0.9527272727272728	0.04727272727272727	0.	0.	0.	0.	0.	0.