0.3403050108932462	0.12941176470588237	0.050108932461873645
0.18342832244008717
0.35904139433551197	0.16122004357298472	0.0840958605664488
0.21157647058823528
0.33088235294117646	0.1465686274509804	0.034803921568627445
0.18893725490196078
0.6639455782312933	0.31908763505402166	0.1659863945578231
0.4047466186474592
0.6607079195314485	0.29359562006620843	0.1656480774127835
0.3887761777438248
0.699462189533462
0.37026323844865033
0.44492373835570537
0.624396406176057
0.997868095494217
0.3458405181280592
0.43258801532086166
0.6072990553666103
0.9781275135783741
0.3416302161225601
0.5834580158080271
1.000473260793176
0.24196605393171905
0.6590659852733401
0.41709995259475074
0.9210294117647059	0.0775	0.0014705882352941176	0.	0.	0.	0.	0.