0.230718954248366	0.14738562091503266	0.11797385620915031
0.16894934640522874
0.220479302832244	0.14771241830065357	0.09586056644880174
0.16355860566448802
0.12429193899782132	0.11252723311546842	0.08507625272331155
0.11291546840958605
0.6560224089635854	0.5165266106442573	0.47450980392156805
0.5534459383753498
0.3909184726522186	0.2170794633642931	0.22167182662538698
0.2695808565531475
0.6475064301299596
0.30761175247368167
0.3805037663499057
0.6708180487405495
0.9888964837254745
0.3583350013283649
0.42452596282269683
0.6443954834637236
0.9834573971657569
0.31619431354752714
0.6516412406221216
1.009647422916925
0.33767553779784754
0.6937871352962074
0.3600515596920143
0.7705084745762711	0.1571186440677966	0.051694915254237285	0.018983050847457626	0.001694915254237288	0.	0.	0.