0.45490196078431366	0.2718954248366013	0.24793028322440086
0.32388235294117645
0.39869281045751626	0.2392156862745098	0.23093681917211328
0.2859555555555555
0.1511111111111109	0.1494553376906316	0.18736383442265772
0.15427198257080588
0.8404961984793915	0.5941576630652259	0.5341336534613841
0.6609701480592235
0.6850835148874356	0.4211619462599854	0.3750181554103123
0.4948141031227302
0.7006275000771699
0.336012812953776
0.45240252187199226
0.6753297772876835
1.0373283004510185
0.36601307189542487
0.4854673883584294
0.659900431240759
1.0442186476255202
0.33358954654051887
0.591056559351824
1.0021336543844572
0.25942237391539524
0.6687140163361392
0.412568306010929
0.7801754385964912	0.18824561403508772	0.03105263157894737	0.0005263157894736842	0.	0.	0.	0.