0.4931372549019608	0.34640522875816987	0.31437908496732025
0.3866271241830065
0.4183006535947712	0.22091503267973855	0.18169934640522875
0.2754627450980392
0.3879939668174959	0.37375565610859707	0.4316742081447958
0.3846156259426844
0.8591436574629852	0.6423369347739099	0.5572629051620648
0.697463705482193
0.5974450386215098	0.3828282828282828	0.3129530600118838
0.43903291740938816
0.6971999211220783
0.3466513512282333
0.45617034237762943
0.7101292839411426
1.0250557730093783
0.35437270695776574
0.47340781393785386
0.7019117667893797
1.025786498169333
0.3439693940313012
0.6505880438260104
1.000910501614761
0.30722789288635577
0.6571039224843872
0.3505589311489319
0.8814814814814815	0.10016835016835017	0.017845117845117844	0.000505050505050505	0.	0.	0.	0.