0.5376906318082789	0.43093681917211324	0.4348583877995642
0.4633032679738562
0.09978213507625272	0.06666666666666667	0.05838779956427015
0.07562440087145969
0.0668409586056645	0.051328976034858385	0.06666666666666667
0.057715555555555555
0.791516606642657	0.5482993197278913	0.4497799119647855
0.6097900760304121
0.7612822906940548	0.45533769063180823	0.3902894491129782
0.5393996265172734
0.6931500185920093
0.3304479307082941
0.5201497312873865
0.7001557324614438
1.0233890771650407
0.36565177713891883
0.5530152714487911
0.7145281680441418
1.035555501347922
0.44121551464667047
0.6484588750313126
1.0011973857304102
0.20758455639738113
0.5600986500680605
0.35276183413652523
0.8205454545454546	0.126	0.03218181818181818	0.009454545454545455	0.011818181818181818	0.	0.	0.