0.2971677559912854	0.14727668845315905	0.05054466230936818
0.18106666666666668
0.41176470588235287	0.15904139433551198	0.054466230936819175
0.22268409586056642
0.5786324786324786	0.3083459024635494	0.14132730015082928
0.37012146807440915
0.7106842737094838	0.3955982392957181	0.25202080832332924
0.4734411364545817
0.766274509803921	0.44513725490196066	0.2478627450980391
0.5186679999999997
0.6787020129928599
0.2838369699832467
0.3366543646620694
0.6294182177343057
1.0271149939232056
0.3965065673068946
0.5659791105787112
0.6515417554546515
1.0407058782312035
0.3181615681615681
0.5673076923076922
1.0003651634227972
0.29397393779184555
0.7087607061794816
0.43353557331090425
0.8633823529411765	0.11705882352941177	0.018823529411764704	0.0007352941176470588	0.	0.	0.	0.