0.45141612200435727	0.33028322440087143	0.3172113289760349
0.36501176470588237
0.5010893246187363	0.3725490196078432	0.35424836601307186
0.40889629629629626
0.3295985060690941	0.3093681917211326	0.276875194522253
0.3117128540305008
0.8863545418167265	0.7037214885954386	0.6435374149659865
0.7514677871148461
0.8151960784313717	0.6304971988795512	0.5603291316526606
0.67772300420168
0.7439557032502869
0.34394159876697067
0.4735388064235714
0.6546235333144893
1.0543721059333033
0.4000170620496587
0.5099941482422706
0.668070455096712
1.0827225075183038
0.3202543959833745
0.5459219534191797
1.0000183653042687
0.22578162695438034
0.6799110105846138
0.4551628899554187
0.7626666666666667	0.17416666666666666	0.04783333333333333	0.012333333333333333	0.003	0.	0.	0.