0.43093681917211324	0.30588235294117644	0.2875816993464052
0.3411873638344226
0.3538126361655773	0.2300653594771242	0.20174291938997824
0.26383703703703704
0.3520697167755987	0.2907407407407404	0.23959694989106747
0.30324771241830034
0.6805922368947583	0.441616646658663	0.4011204481792715
0.5084537815126049
0.6462885154061618	0.44572829131652664	0.4454248366013072
0.5056612044817925
0.6681048936975785
0.3159904879055519
0.4076489256289554
0.6130162173913445
0.9779561657554731
0.368595438460838
0.46195638748313134
0.653889077633597
0.9943034985934235
0.3519232521142464
0.6117405292025947
1.0019758179384353
0.25982587384984596
0.6502453748729136
0.3906190078502441
0.9054237288135594	0.08932203389830508	0.005254237288135594	0.	0.	0.	0.	0.