0.20871459694989108	0.126797385620915	0.04444444444444445
0.1419023965141612
0.2091503267973856	0.1215686274509804	0.07843137254901959
0.142837908496732
0.14331880900508331	0.14320987654320969	0.10464778503994171
0.13884636891793736
0.5854341736694676	0.3760704281712685	0.2849139655862344
0.42827835134053616
0.5144685242518058	0.27537667698658375	0.21675954592363247
0.34018278637770866
0.7009037442044694
0.36055404729974583
0.5068717798763933
0.7365221465002469
1.0150269922778437
0.3520793308224155
0.47698445054376254
0.6941498758070703
0.998098129936493
0.40962263476939487
0.6879493892774576
1.00788523102551
0.2784551161885162
0.5984126368244375
0.3213982295833398
0.8905263157894737	0.09140350877192982	0.01649122807017544	0.0015789473684210526	0.	0.	0.	0.