0.5982570806100218	0.45882352941176474	0.4261437908496732
0.49678867102396507
0.4383442265795207	0.28409586056644875	0.2888888888888888
0.33076252723311544
0.35134350036310813	0.36223674655047194	0.3668845315904138
0.3595095134350036
0.9234093637454978	0.7268507402961188	0.6656262505002003
0.7786421768707484
0.821417797888385	0.6108031674208142	0.5788084464555054
0.6701295437405728
0.6986446171931509
0.33333558606505226
0.4870595799633892
0.7203633930780805
1.0584178481796913
0.3662566650062889
0.5572506750734681
0.686701596060201
1.0239868331559878
0.4059118166856512
0.6301695231368788
1.0001436265716563
0.2399187642509134
0.6025323780087369
0.3701007343792295
0.8863031914893617	0.10345744680851064	0.010239361702127659	0.	0.	0.	0.	0.