0.43137254901960786	0.31895424836601305	0.33758169934640525
0.35469084967320264
0.2840958605664488	0.171677559912854	0.18562091503267975
0.20688017429193895
0.021988795518207246	0.016631652661064398	0.01687675070028009
0.018261379551820698
0.7404561824729895	0.5362144857943176	0.5032412965186072
0.5935238095238096
0.7018213507625268	0.522631808278867	0.541193899782135
0.5783255599128538
0.6789019653598336
0.35009132901901113
0.46789468900780323
0.6373397146761316
1.0162351001929637
0.33221554219276506
0.44938843643485793
0.6598084915483049
1.0386746855060427
0.3423549116491982
0.5871644971135674
1.0041776974469685
0.24639028077671263
0.6625533676349897
0.4170717585009556
0.8718965517241379	0.1003448275862069	0.02706896551724138	0.000689655172413793	0.	0.	0.	0.