0.3485838779956427	0.22657952069716772	0.20697167755991286
0.2608235294117647
0.16339869281045752	0.06710239651416121	0.03877995642701525
0.09266623093681917
0.014404223227752623	0.008182503770739058	0.014819004524886865
0.010799358974358964
0.671388555422169	0.3946378551420567	0.32028811524609835
0.46891044417767097
0.6594117647058821	0.377563025210084	0.36347338935574225
0.46022957983193263
0.6898855029879423
0.35739020839409746
0.5086063835249772
0.6672711915142358
0.9906262199557176
0.3465504684866009
0.4451096148752766
0.6734879409565573
0.994671057199134
0.3996756168184468
0.6448793702061207
1.0008104458781857
0.25194228645608974
0.6049613208792917
0.355970602080829
0.8449248120300752	0.12631578947368421	0.02293233082706767	0.005827067669172932	0.	0.	0.	0.