0.35468409586056643	0.2435729847494553	0.21917211328976033
0.2740135076252723
0.4483660130718954	0.31372549019607837	0.2845315904139433
0.35065490196078425
0.012745098039215688	0.019117647058823524	0.024142156862745096
0.01778504901960784
0.8185674269707884	0.6333733493397362	0.5807923169267708
0.6827521408563428
0.6855865153078773	0.4410044719642242	0.42930856553147584
0.5128011695906431
0.6987531442631972
0.3891289134632314
0.5262007896931677
0.7258629611147349
1.0435242130897282
0.3147681390154078
0.4023177876442606
0.6636014609676497
0.998628639605417
0.3460389293408775
0.6407982680692402
1.0000877116044138
0.29791192472001354
0.656784428948048
0.3593788136950287
0.8349122807017544	0.14210526315789473	0.022280701754385963	0.0007017543859649122	0.	0.	0.	0.