0.14248366013071895	0.07254901960784313	0.07679738562091502
0.09394379084967318
0.16775599128540303	0.08148148148148149	0.08540305010893247
0.10772461873638343
0.06938997821350762	0.05675381263616556	0.04248366013071895
0.05890522875816992
0.7460584233693479	0.4840336134453775	0.41832733093237257
0.554888515406162
0.5498424369747897	0.29187675070028013	0.24588585434173663
0.36376552871148454
0.7121129765160314
0.3839288797914036
0.5454112260983129
0.6656483441447951
1.0213058633157859
0.3295403846473948
0.49040146137488116
0.6950387105636532
1.0610137987398638
0.3971022418800281
0.6037016845326887
1.0024205602693397
0.21531287093620013
0.6098236530781378
0.39875166279843555
0.8261016949152542	0.16983050847457626	0.004067796610169492	0.	0.	0.	0.	0.