0.32875816993464047	0.15294117647058825	0.09607843137254901
0.19902810457516337
0.25130718954248366	0.1238562091503268	0.05915032679738562
0.15458758169934642
0.7637908496732025	0.6829411764705886	0.5062745098039214
0.6869752287581702
0.7490996398559427	0.5783113245298116	0.512364945978391
0.6218591436574629
0.6289740896358539	0.37450980392156874	0.31255252100840336
0.44353149509803913
0.6741781924528586
0.32837517197754046
0.5012123017182407
0.6359383214403017
1.0194284772922702
0.34964833057766065
0.5130325918821174
0.651735215282508
1.0244957955297112
0.4148541512839063
0.584442710152127
1.0007817175046119
0.1696891191709845
0.5859282020452381
0.41641677946796196
0.823015873015873	0.15666666666666668	0.016825396825396827	0.003492063492063492	0.	0.	0.	0.