0.3241830065359477	0.2422657952069717	0.2461873638344226
0.26720610021786495
0.28409586056644875	0.20610021786492375	0.20827886710239651
0.22966928104575163
0.2690873880416362	0.20106511740498662	0.1798595981602517
0.21898634713144502
0.5480592236894753	0.3466986794717887	0.3264505802320927
0.40459719887955164
0.5313543936092956	0.3203340595497457	0.3190631808278866
0.3832842592592592
0.6790456073158747
0.32767048581837516
0.48425634761033926
0.6535025080980984
1.0178551737602661
0.3560924040142323
0.48081010798338375
0.6485350221268223
1.0185855543001172
0.38329074928924983
0.5958175844692242
1.0000877116044138
0.21260063831324072
0.617086375175111
0.4045305598454897
0.9306983339241404	0.06699751861042183	0.002304147465437788	0.	0.	0.	0.	0.