0.48932461873638344	0.3115468409586057	0.3145969498910675
0.36505010893246187
0.684313725490196	0.45032679738562087	0.40228758169934636
0.5148124183006535
0.2823529411764703	0.24156862745098023	0.2394397759103639
0.2535204481792715
0.8633053221288512	0.6881152460984398	0.626890756302521
0.733517486994798
0.8039499857914177	0.5390167661267403	0.49928957090082393
0.6137028985507244
0.7021718792725733
0.36263832678550945
0.37158322733139065
0.5711059782078538
1.0123904519513474
0.3498795179131466
0.41233126312918794
0.5639888492641748
0.9961092330793868
0.23626786804975686
0.5063825505013337
1.0012492197250393
0.2734171619420487
0.768034587321116
0.4950366073678881
0.9242592592592592	0.07166666666666667	0.004074074074074074	0.	0.	0.	0.	0.