0.3006535947712418	0.24793028322440086	0.23006535947712414
0.26165795206971676
0.2270152505446623	0.18562091503267975	0.1625272331154684
0.19536514161220042
0.06678671468587423	0.07310924369747891	0.1440976390556221
0.07931148459383743
0.664105642256903	0.5729491796718692	0.6148059223689482
0.6049766306522613
0.5334967320261436	0.3667973856209148	0.4101960784313721
0.4215879411764703
0.6903486173172759
0.3383806774413481
0.46356021146558324
0.7295229696126914
1.045591549927692
0.35558453330167544
0.46925547332590534
0.7065565139773325
1.011546620041302
0.34906299767298055
0.6654460707712039
1.0048654688950436
0.3168365540604028
0.6563526116445527
0.3395220138772122
0.9296934865900384	0.07030651340996169	0.	0.	0.	0.	0.	0.