0.44705882352941173	0.3542483660130719	0.34814814814814815
0.38130326797385616
0.4082788671023965	0.3237472766884531	0.3233115468409586
0.3489725490196078
0.32401960784313744	0.32019607843137277	0.37696078431372576
0.32781049019607866
0.7590236094437778	0.6133653461384555	0.5134853941576625
0.6455308523409364
0.5941993464052288	0.433523965141612	0.40462962962962945
0.4782719498910674
0.7118431007315059
0.3521085848495841
0.4479259985087654
0.6750810974710836
0.98990790833009
0.3787516090917161
0.42831021550480725
0.6585292321669608
0.9781679285617222
0.33911784205243306
0.6471365827126028
1.0004984907119538
0.30835859994800857
0.6619256866621996
0.35357387686872443
0.9838805970149254	0.016119402985074627	0.	0.	0.	0.	0.	0.