0.23790849673202613	0.17167755991285405	0.1320261437908497
0.186960348583878
0.43529411764705883	0.3498910675381264	0.3067538126361656
0.37050893246187366
0.1190631808278866	0.0885620915032679	0.06830065359477118
0.09537211328976027
0.7254101640656264	0.4861144457783113	0.32244897959183677
0.5390060024009604
0.6835450980392154	0.4546352941176471	0.35990588235294135
0.5122801725490196
0.6898678873819121
0.3518612316445778
0.39748195580565604
0.6148505459300415
0.9702097625795274
0.36380341858006426
0.3928477706710899
0.6280719774300385
0.9667065660255729
0.288135593220339
0.612072852252773
1.0001922152828902
0.32437363854094353
0.7121343982369156
0.38844901002344256
0.8420411006617903	0.12539184952978055	0.03152211772901428	0.0010449320794148381	0.	0.	0.	0.