0.44967320261437904	0.3093681917211329	0.22570806100217866
0.3417821350762527
0.31225490196078437	0.1767156862745098	0.14362745098039217
0.21346985294117646
0.017385620915032676	0.017973856209150325	0.01751633986928105
0.01774581699346405
0.9135654261704679	0.7586234493797521	0.6609843937575033
0.7938202480992397
0.8376694677871144	0.5707338935574227	0.4496806722689073
0.6367475630252097
0.676574204680227
0.31313415840002146
0.38853964285120596
0.6716481354903342
0.9980628452470456
0.36936632075711323
0.48184383301392575
0.6896504962919029
1.035677642807949
0.31746031746031755
0.6352223873762182
1.002581144901716
0.32199976438962746
0.6863157949179124
0.3690512363317562
0.6887719298245614	0.18736842105263157	0.08070175438596491	0.02526315789473684	0.017017543859649122	0.0008771929824561404	0.	0.