0.2766884531590414	0.15424836601307187	0.17821350762527233
0.19358997821350762
0.26884531590413946	0.14074074074074072	0.15076252723311548
0.18018649237472767
0.12663398692810457	0.0906045751633987	0.15465686274509816
0.10867933006535949
0.7184473789515812	0.5610244097639052	0.5787915166066425
0.6101193277310923
0.5104509803921565	0.34835294117647053	0.39076470588235285
0.40165519607843125
0.7007173567333719
0.38809328566322493
0.5805203475645966
0.6739595778695991
1.013225222149096
0.3162660689240118
0.47677236291088804
0.6872898180758591
1.0380576834572217
0.42916640711847964
0.6209365417774322
1.0015420209622192
0.21248337924254607
0.5832028928723125
0.3806418662674507
0.8956716417910447	0.10432835820895522	0.	0.	0.	0.	0.	0.