0.39564270152505443	0.40305010893246185	0.3586056644880174
0.39576862745098035
0.45577342047930275	0.4440087145969498	0.4339869281045751
0.4463838779956426
0.49422969187675075	0.39540616246498606	0.30061624649859947
0.41414834733893563
0.8665866346538613	0.6965986394557827	0.6383353341336536
0.7407830332132854
0.7992006033182497	0.5656711915535443	0.5306334841628957
0.6315021870286572
0.6472855472715358
0.3327471084892711
0.4872721514839361
0.6104810514647698
0.9994187890458371
0.32169464640447265
0.44438112917647543
0.657901759028227
1.0172408766801695
0.3833862465472494
0.5944621254482874
1.0034222749756552
0.22343517153700698
0.6230805877396458
0.41111419493716567
0.7468102734051367	0.19552609776304888	0.0512013256006628	0.006462303231151615	0.	0.	0.	0.