0.5666666666666667	0.49411764705882355	0.48986928104575167
0.5153254901960784
0.48235294117647054	0.41002178649237475	0.38474945533769056
0.42876775599128536
0.6297511312217196	0.606787330316742	0.5572398190045249
0.6080050904977375
0.7597438975590239	0.6299319727891157	0.5675870348139254
0.6616384153661465
0.7236511156186606	0.5495740365111561	0.5199323867478023
0.5982439350912776
0.7290732586544089
0.3975289337559558
0.4914263590974613
0.6671957500985284
1.0326445012296095
0.3338163027416806
0.4359375774108097
0.6571892721157817
1.0435308475607694
0.31443298969072164
0.5819102467815973
1.0016843255403864
0.26832780235183845
0.6880215212169607
0.4198194865520189
0.9281034482758621	0.06879310344827586	0.003103448275862069	0.	0.	0.	0.	0.