0.4095860566448801	0.22265795206971675	0.10762527233115468
0.26543572984749453
0.31590413943355117	0.17429193899782133	0.06840958605664488
0.20456339869281043
0.1417755991285403	0.12679738562091492	0.07761437908496727
0.12566900871459688
0.7381352541016413	0.4901160464185668	0.3330132052821129
0.5463640656262503
0.6065631808278864	0.32867647058823507	0.21002178649237424
0.3982379629629627
0.7005535409567477
0.37381263626985156
0.5096677267314728
0.6880818847227606
1.026379061277024
0.3355874743517435
0.4097610773197182
0.6664767886604959
0.9919570144242925
0.3534791561154715
0.635151493447582
1.0015000945991364
0.2881870483690687
0.6507936507936508
0.36701779874170115
0.8116883116883117	0.13618326118326118	0.03282828282828283	0.017135642135642136	0.0021645021645021645	0.	0.	0.