0.2705882352941177	0.2989106753812636	0.3276688453159041
0.293720697167756
0.36601307189542487	0.335511982570806	0.33725490196078434
0.34483050108932456
0.0835434173669468	0.12030812324929971	0.16792717086834733
0.11474404761904762
0.7699879951980794	0.6550620248099243	0.6717086834733894
0.6913226090436175
0.6176183083203947	0.4440457708009887	0.4597435455120465
0.4977335058363517
0.726944201632165
0.40106381319101325
0.5894870909056064
0.6952971944224934
1.0531678621946048
0.32972974066610056
0.4394677049072466
0.6551265843608577
1.0123778387364115
0.39977703246375196
0.6054394781072052
1.002693553908775
0.2228016210195084
0.6108121255885377
0.3975484533637416
0.8644329896907217	0.11971649484536083	0.015206185567010309	0.0006443298969072165	0.	0.	0.	0.