0.3333333333333333	0.16949891067538125	0.13856209150326798
0.214958605664488
0.5193899782135076	0.2405228758169935	0.16034858387799564
0.3147642701525054
0.06690009337068152	0.06078431372549017	0.05961718020541542
0.062479878618113854
0.6549019607843138	0.3657462985194076	0.26274509803921564
0.4404617046818727
0.6548167092924122	0.39883489627735175	0.3224211423699913
0.4666622904234157
0.6899688080984188
0.35004219297393807
0.4645758252171538
0.6127926272186828
1.0169234080205674
0.3429442194904287
0.4892022938054664
0.6469892622075172
1.0549930029192127
0.36192973039938375
0.5597509551469556
1.009467666779617
0.1978354605999941
0.6475409766811592
0.4497191994231852
0.8841145833333334	0.09319196428571429	0.017671130952380952	0.005022321428571429	0.	0.	0.	0.