0.39999999999999997	0.2535947712418301	0.21568627450980388
0.2930483660130719
0.4962962962962963	0.37864923747276685	0.3603485838779957
0.4117394335511982
0.10147058823529416	0.07715686274509805	0.0785294117647059
0.08458313725490196
0.8710684273709483	0.6736294517807128	0.6004001600640259
0.7243155662264908
0.765994397759103	0.5434173669467784	0.49966386554621817
0.6049799999999996
0.7097342134916854
0.3743647920420906
0.5161493327738218
0.7276613099594953
1.019236462575014
0.3395309540163543
0.456358462235732
0.7450288316117014
1.0334414100689764
0.3704336009921534
0.6843616080920866
1.0020065169983285
0.3192434067765875
0.6345801613555514
0.31785513458346315
0.8311111111111111	0.10722222222222222	0.047407407407407405	0.01425925925925926	0.	0.	0.	0.