0.39869281045751637	0.22178649237472767	0.1821350762527233
0.270161220043573
0.41742919389978206	0.24618736383442266	0.220479302832244
0.2944579520697168
0.16554621848739495	0.10126050420168069	0.08781512605042018
0.11894915966386554
0.608243297318928	0.35918367346938795	0.2855542216886753
0.42525874349739917
0.542564852027767	0.32025331871879176	0.2555596151504078
0.3793493849713796
0.6898170984804609
0.365731646957939
0.5063585973376058
0.6447001070409979
1.0102974355755363
0.3296338820933273
0.45216942214011485
0.6462783411143557
1.0220156758040286
0.37601329605605627
0.5897142410945247
1.000095120327429
0.21742573348960229
0.6263683000636394
0.41038403972710086
0.9393301435406699	0.05569377990430622	0.004976076555023924	0.	0.	0.	0.	0.