0.4239651416122004	0.3616557734204793	0.4435729847494553
0.38962483660130715
0.13398692810457516	0.08562091503267974	0.11339869281045752
0.10324901960784313
0.42688453159041373	0.08980392156862735	0.08662309368191712
0.19022840958605652
0.8917166866746696	0.6715486194477795	0.6937174869947984
0.7399061224489798
0.7701149425287349	0.4560329460937978	0.5442620935521543
0.5600015858380966
0.7173668631473094
0.3623453199003149
0.496211365442122
0.6408686851794984
1.0136553511008377
0.3678999021608368
0.49425246145488505
0.641951707744197
0.9838751948217634
0.40975609756097564
0.600015132492541
1.0005809263036372
0.19029162260927396
0.5912275826186505
0.4018344146826489
0.7804761904761904	0.15936507936507938	0.05063492063492064	0.009365079365079364	0.00015873015873015873	0.	0.	0.