0.1525054466230937	0.065359477124183	0.03572984749455337
0.08803834422657952
0.1642701525054466	0.0971677559912854	0.09891067538126361
0.11743006535947711
0.047421931735657195	0.047421931735657195	0.04713144517066083
0.047388816267247606
0.4821128451380547	0.26962785114045595	0.18223289315726282
0.3231978391356539
0.40396241830065327	0.2262663398692807	0.1378267973856208
0.2693153594771239
0.701042310655533
0.3287149904859648
0.4860205182568109
0.6789996266627051
1.0249944424711006
0.37534300421634303
0.5323626102684191
0.6874814159187295
1.0357813908318878
0.4011369150146766
0.6190924308473865
1.0013237345900112
0.21937568057223025
0.600553151846195
0.38246339609328767
0.9296712442779859	0.07032875572201415	0.	0.	0.	0.	0.	0.