0.2803921568627451	0.19901960784313721	0.20130718954248367
0.22361078431372544
0.19084967320261437	0.15206971677559913	0.14727668845315903
0.1631185185185185
0.3724183006535948	0.35816993464052294	0.32601307189542483
0.3587643137254903
0.6676270508203288	0.5047619047619041	0.5240496198479386
0.5556573829531809
0.4741115196078431	0.34008884803921585	0.3604319852941177
0.3824807444852941
0.6734409138472939
0.316733564542287
0.44611007041415335
0.6695483215717132
1.042092036927939
0.3569939727589474
0.4960324322687476
0.6808695422864925
1.05002171300353
0.3386589178734658
0.5950472921478981
1.0001503445404194
0.2577262518295186
0.6621694996969397
0.40513851420562724
0.9617741935483871	0.0382258064516129	0.	0.	0.	0.	0.	0.