0.5655773420479302	0.440958605664488	0.37429193899782126
0.47061960784313717
0.5071895424836601	0.3715686274509804	0.27385620915032677
0.4009800653594771
0.1981461675579323	0.1346167557932264	0.08591800356506239
0.14806039215686276
0.845218087234894	0.5975990396158466	0.4924369747899157
0.6596486594637857
0.7838562091503263	0.5709803921568625	0.5230718954248366
0.6291686928104572
0.7078422026042234
0.3272129814652514
0.42443757419423567
0.6585334977626351
1.0256735237282275
0.38580242503212253
0.46042858146503546
0.6248328585559554
1.0201220336288046
0.3079502011665408
0.5804827918009343
1.0031115027655746
0.27466821037249756
0.6952089783276352
0.42563835696391766
0.8748892433102959	0.12316143895091264	0.001949317738791423	0.	0.	0.	0.	0.