0.27418300653594774	0.16176470588235295	0.12745098039215685
0.19146601307189542
0.25054466230936817	0.16034858387799564	0.1298474945533769
0.1838400871459695
0.05353535353535352	0.05383244206773617	0.052287581699346414
0.053567498514557325
0.5567827130852336	0.3886354541816724	0.3172468987595037
0.43077318927570996
0.4533706816059758	0.25594771241830033	0.21262371615312778
0.31003824463118557
0.6910871463496411
0.37547957107246877
0.5121569569872937
0.7034864793796207
1.045072152993789
0.31637219203705397
0.4565604611292457
0.6836531359475858
1.0411614678828611
0.3546390199641228
0.6173916745755359
1.0006856360078737
0.263491130997198
0.6467360461518693
0.38334537253918494
0.8528813559322034	0.10203389830508475	0.025423728813559324	0.01711864406779661	0.002542372881355932	0.	0.	0.