0.518954248366013	0.3459694989106753	0.29193899782135074
0.39153246187363827
0.7080610021786492	0.5285403050108932	0.47320261437908495
0.575908496732026
0.2705440070765146	0.1991891493439479	0.17722246793454205
0.2180200501253131
0.9747899159663859	0.7923969587835137	0.6813925570228095
0.8342779511804722
0.9337990196078432	0.7121568627450974	0.6202573529411762
0.7679513235294113
0.7170063364087519
0.36397791918294686
0.5312546449769906
0.652011562091613
1.0098519115899263
0.36230155387096874
0.44960740774068264
0.6654855787302625
1.0111314018238038
0.3941838390065423
0.6105425666344556
1.0026046326357743
0.23040396481538616
0.614980915968433
0.39234444843982685
0.8652960526315789	0.10674342105263158	0.02730263157894737	0.0006578947368421052	0.	0.	0.	0.