0.2833333333333333	0.13496732026143793	0.06830065359477124
0.17172875816993466
0.3520697167755991	0.14117647058823526	0.10936819172113289
0.20060740740740737
0.46928104575163393	0.36078431372549014	0.2405228758169935
0.3795150326797385
0.943897559023609	0.7960784313725491	0.7159663865546223
0.8311435774309722
0.8262230144583089	0.5773321449792043	0.49277084571202184
0.6421105268369978
0.6700468243268307
0.3553851375141802
0.44700190793739736
0.638701721975779
1.0100825144297816
0.32265475183454817
0.36080682699328975
0.6408088236373158
1.0179610552179732
0.27783588120509517
0.5971457872146948
1.009254695962478
0.3257866999591861
0.7360583193121519
0.4121149765244382
0.8106536769327467	0.13780641106222502	0.04604022627278441	0.005499685732243872	0.	0.	0.	0.