0.38213507625272325	0.0766884531590414	0.13333333333333333
0.17447450980392154
0.37472766884531583	0.1355119825708061	0.06361655773420478
0.19884139433551196
0.7378358750907773	0.5557007988380541	0.37327523602033386
0.5893626724763983
0.6350540216086435	0.3490196078431371	0.2781112444977991
0.426460344137655
0.5187739463601534	0.23322064457967068	0.16017579445571298
0.3102739688979038
0.6599836142922978
0.2876405546532983
0.41113291506537775
0.6233170961470166
1.0337010195960403
0.373825838024764
0.46355209617943083
0.6466627042195325
1.0353190816919846
0.3081608885813118
0.5644947455702813
1.0032316654726112
0.2563631522744574
0.6951089263579917
0.43874626676091977
0.9619427328742298	0.038057267125770206	0.	0.	0.	0.	0.	0.