0.3869281045751634	0.22527233115468406	0.23660130718954248
0.2748989106753812
0.4673202614379085	0.30915032679738563	0.31437908496732025
0.3570392156862745
0.020728291316526606	0.008963585434173669	0.011204481792717085
0.012736694677871146
0.8429771908763501	0.6178471388555427	0.622008803521409
0.6856354541816727
0.6915182072829128	0.4458935574229692	0.48508683473389375
0.5238033613445378
0.6746368102433103
0.3148231802047221
0.4334489017572188
0.6660675844964992
1.0091888289252418
0.36721181407142506
0.4334339061668019
0.6515213362967879
1.0117075251622203
0.3232190074042345
0.6170377427218476
1.0026734044436325
0.29390633022659735
0.6802951577968357
0.38713892354552865
0.8408333333333333	0.14016666666666666	0.019	0.	0.	0.	0.	0.