0.3558823529411764	0.18496732026143792	0.12745098039215685
0.22951405228758168
0.2993464052287581	0.13420479302832242	0.06013071895424836
0.17513769063180823
0.6737254901960784	0.4262745098039216	0.2498039215686274
0.4801447058823529
0.7718287314925975	0.5146058423369344	0.42929171668667443
0.5817896758703479
0.6585693536673929	0.3972766884531591	0.3169934640522871
0.4662509077705156
0.717738487453949
0.3684915183442827
0.5373356272179208
0.7048608891344265
1.017701348817691
0.3510707357787919
0.5735292013408934
0.7114597119720394
1.0596237334670278
0.45048487740882787
0.6362433862433863
1.001032524797511
0.18830788726377837
0.5506092679178936
0.3665855831237197
0.8946551724137931	0.08051724137931035	0.021206896551724138	0.003620689655172414	0.	0.	0.	0.