0.32941176470588235	0.220479302832244	0.20958605664488017
0.2518082788671024
0.3355119825708061	0.2466230936819172	0.24183006535947715
0.2726544662309368
0.08921568627450979	0.08529411764705881	0.0872549019607843
0.08669019607843136
0.6036014405762309	0.3825530212084832	0.34541816726690683
0.4444131252501
0.5723461798512505	0.38601757944557125	0.34722109533468587
0.4373070317782284
0.689873417721519
0.34255695990739343
0.4351738690264569
0.6349149873420582
1.0316116240606557
0.3519867923117232
0.40124235548217857
0.6280003712130262
1.0091464336907505
0.2775389753787244
0.5692032493201751
1.0007207785342973
0.2930597632184622
0.7237287969688863
0.43174326805258956
0.9096610169491526	0.07508474576271186	0.008305084745762711	0.0047457627118644066	0.0022033898305084745	0.	0.	0.