0.5254901960784314	0.4457516339869282	0.4261437908496732
0.4673581699346405
0.2790849673202614	0.18790849673202614	0.16895424836601305
0.21300947712418297
0.3078074866310157	0.2531194295900174	0.2485561497326199
0.2689509447415325
0.8714685874349735	0.6941976790716289	0.6475390156062427
0.7418825930372148
0.7301587301587299	0.5443394024276375	0.5051587301587299
0.5954327847805787
0.7202549412367233
0.338520035112953
0.39789773722709976
0.6495435237746517
0.9915194142740679
0.39776801306894966
0.4738294268731467
0.6601603656758975
0.9912542852504461
0.3206945973225533
0.6233676643058831
1.0002834065523811
0.30488287437150113
0.6810786809481079
0.37692073589674885
0.8473770491803279	0.12770491803278688	0.024918032786885248	0.	0.	0.	0.	0.