0.2431372549019608	0.14901960784313723	0.09019607843137253
0.17045490196078428
0.28496732026143784	0.20392156862745098	0.16078431372549018
0.2232366013071895
0.11948529411764679	0.06612394957983181	0.03676470588235288
0.07873203781512589
0.7974389755902362	0.5919167667066828	0.4364945978391353
0.6356497799119648
0.6414616755793223	0.3747593582887699	0.27754010695187115
0.44342035650623857
0.6993768511892768
0.35724535221846937
0.5249802499619736
0.6886151536499303
1.0411123564483433
0.34447599175121074
0.4714648978735895
0.6708379089176426
1.0238951216363723
0.38380991652985513
0.6114379047782785
1.0000228266204076
0.22979155019732753
0.6174756594225224
0.38858611470626214
0.8531746031746031	0.12914862914862915	0.017135642135642136	0.0005411255411255411	0.	0.	0.	0.