0.22352941176470587	0.1437908496732026	0.09978213507625273
0.16261568627450979
0.18867102396514163	0.0915032679738562	0.0766884531590414
0.11886753812636167
0.09918003565062387	0.05932263814616755	0.04905525846702314
0.07006951871657752
0.8821928771508599	0.6644257703081238	0.5482993197278913
0.7162997198879553
0.7162990196078435	0.4524509803921565	0.342769607843137
0.5188378676470586
0.6598819873554491
0.33133050147993115
0.40064093060191264
0.6559633795444654
1.0029320780703133
0.33895046242969684
0.3890397696107896
0.6525398193075984
0.9919590175817572
0.27586206896551735
0.6238000460773855
1.0001757658031911
0.34812569492629514
0.7243806358972479
0.3764400243791022
0.8169491525423729	0.13152542372881357	0.043898305084745765	0.007627118644067797	0.	0.	0.	0.