0.22908496732026143	0.18529411764705878	0.20392156862745098
0.20051111111111108
0.175599128540305	0.12026143790849672	0.12418300653594772
0.1372544662309368
0.03262032085561494	0.03609625668449193	0.025980392156862705
0.033903743315507974
0.5772709083633456	0.4028811524609842	0.35390156062424993
0.44944001600640254
0.4315508021390371	0.2481580510992271	0.24607843137254856
0.30275540701128895
0.6823959365629935
0.32794105978656596
0.5329226327968398
0.7221892490149893
1.0539219750831281
0.3550248269271565
0.5814463614299725
0.7048763026372213
1.0423193736403285
0.45406882451974484
0.641185379157009
1.005313666035425
0.19578606363939915
0.5544872781382241
0.36442063764117166
0.9371299198885406	0.05294322535701846	0.006792058516196447	0.003134796238244514	0.	0.	0.	0.