0.27015250544662306	0.16252723311546838	0.11067538126361655
0.1887960784313725
0.2962962962962963	0.17254901960784313	0.10936819172113288
0.20234684095860564
0.14789915966386552	0.1411764705882353	0.15238095238095237
0.14446386554621846
0.5797519007603039	0.45242096838735446	0.41128451380552195
0.48580336134453744
0.44213375585924575	0.302370106291675	0.2721462995972805
0.34071392354921765
0.6859091577960531
0.3390849885211622
0.4597575700524863
0.6337545273680573
1.0136143528848107
0.351086940841019
0.47256075376810586
0.6424702507557682
1.0326188938757903
0.3539755145267656
0.5763657502695341
1.0020912389653314
0.22239732624441108
0.648175186196319
0.42596193755234996
0.9151612903225806	0.07919354838709677	0.00564516129032258	0.	0.	0.	0.	0.