0.46405228758169936	0.3991285403050109	0.40217864923747276
0.4188884531590414
0.4081699346405228	0.361764705882353	0.3549019607843137
0.3748575163398693
0.6574291938997827	0.5692374727668847	0.3360348583877997
0.5690216993464056
0.9063625450180071	0.6944377751100445	0.5832733093237291
0.7451305322128853
0.7579425973287858	0.4714218054371504	0.4109879700672536
0.5502020649805812
0.6756656667993646
0.31706634521440663
0.392965173764352
0.6316070932776938
1.014693828913106
0.3674415020405416
0.4607721527441306
0.6595349573863772
1.0040728808544086
0.3147732820352525
0.6043309984140374
1.0065842165025942
0.29048310422789164
0.6939244923899789
0.4036522581715167
0.8610301263362488	0.11645610625202461	0.02121801101392938	0.0012957563977972141	0.	0.	0.	0.