0.4588235294117647	0.284640522875817	0.24346405228758167
0.3320271241830065
0.4671023965141612	0.26100217864923747	0.21699346405228753
0.3176091503267974
0.2850980392156863	0.2179411764705882	0.24127450980392148
0.2406810784313725
0.7899159663865549	0.5055622248899553	0.42937174869947947
0.5818982793117243
0.766219096334185	0.454688832054561	0.4206308610400684
0.5439537723785164
0.6838664578865485
0.359028177921714
0.4733069631856639
0.6681523940616907
1.0052539966527478
0.342809532144669
0.4680337779061651
0.6440848513542986
0.9607337822223345
0.4023369248889598
0.63868102819458
1.0000832431533948
0.23700112080176136
0.5992709694711752
0.3623383264054137
0.843103448275862	0.12913793103448276	0.02327586206896552	0.004310344827586207	0.00017241379310344826	0.	0.	0.