0.542483660130719	0.35381263616557734	0.29891067538126365
0.40396644880174293
0.5368191721132898	0.3272331154684096	0.2901960784313725
0.38567712418300654
0.13333333333333333	0.09411764705882353	0.09019607843137255
0.10539607843137253
0.9242897158863543	0.6925170068027212	0.6424969987995202
0.7561147659063626
0.8122335890878085	0.550298380221654	0.5283887468030694
0.6261193094629155
0.6704138589508863
0.3496439631430702
0.4620708646813908
0.6557005782040451
1.0045326353981077
0.33672178210758685
0.3415482856633384
0.6048708259194179
0.9748133837911459
0.29878611687827633
0.607162561583911
1.0044963806252927
0.31522311949152476
0.7128783492485375
0.39805948667629537
0.8616949152542372	0.11305084745762711	0.01830508474576271	0.004915254237288135	0.002033898305084746	0.	0.	0.