0.4122004357298475	0.3729847494553376	0.37777777777777777
0.3852566448801742
0.4143790849673202	0.3721132897603486	0.33769063180827885
0.3808265795206971
0.5486274509803922	0.5497478991596639	0.593445378151261
0.5543943977591037
0.7349339735894361	0.6173669467787117	0.5919167667066826
0.649618167266907
0.6056694677871143	0.4227675070028007	0.44808963585434136
0.4803419159663861
0.6739563239141009
0.3392785620213811
0.44973414183860044
0.6764181075383456
0.9941119669001548
0.3440493377484288
0.48070004217261625
0.670367436588758
1.014243206849186
0.3772653461444742
0.6394348357414973
1.0022955553879673
0.2640178301179219
0.6251867619804832
0.36432434593607266
0.9012698412698412	0.08952380952380952	0.009206349206349206	0.	0.	0.	0.	0.