0.3777777777777778	0.17690631808278864	0.1403050108932462
0.23279433551198256
0.15294117647058822	0.048801742919389976	0.13507625272331156
0.0897747276688453
0.8954842543077836	0.6658348187759955	0.5592988710635771
0.7223549019607844
0.9297318927571024	0.6263305322128851	0.4772308923569422
0.7000501800720285
0.6928366013071893	0.3249673202614376	0.2379084967320258
0.4250355294117644
0.6722367847094258
0.3104164186482177
0.3725395935234462
0.6517709824624024
0.9658296229457474
0.38690705970592804
0.46641932932170793
0.6654987152563995
0.9709434521887799
0.34111536893089217
0.6588947130488746
1.0007558871568092
0.3209706218464632
0.6616286025351591
0.3419157263668423
0.7793707686180804	0.16394530731448295	0.04885171910261516	0.007832204964821452	0.	0.	0.	0.