0.19389978213507622	0.07407407407407408	0.043572984749455326
0.10642483660130718
0.2601307189542484	0.13725490196078433	0.10893246187363834
0.17076601307189543
0.15231833910034653	0.11400230680507521	0.12038062283737047
0.126185928489043
0.5523009203681473	0.37711084433773495	0.3058023209283714
0.4213635054021608
0.5254686489980606	0.3502693385046327	0.3222150398620989
0.39945574229691877
0.6981312931242779
0.3677294810895721
0.578025682593569
0.6632896709896654
1.0143228615414268
0.3359015000106868
0.5220238464224612
0.6806510415547522
1.021200205529413
0.4683934890672909
0.6187380738023152
1.0001779834489488
0.16216218249063893
0.5350343486753762
0.3820260492400679
0.8428813559322034	0.14152542372881355	0.015254237288135594	0.00033898305084745765	0.	0.	0.	0.