0.41132897603485835	0.2274509803921569	0.18736383442265797
0.27786056644880175
0.3769063180827886	0.2065359477124183	0.17908496732026144
0.25434727668845314
0.5143355119825709	0.32052287581699346	0.19973856209150323
0.36470344226579526
0.6292116846738701	0.394797919167667	0.3183673469387758
0.4561745498199281
0.5944444444444447	0.3686601307189542	0.2990849673202609
0.42823807189542484
0.674827183842032
0.351894511573712
0.5296832997551679
0.6894075158217627
1.062176371932257
0.325203066213123
0.49596073677067565
0.6661747619688232
1.0141149773552407
0.41356250636718506
0.6152487811799796
1.008788221083262
0.20179998070451613
0.5955508285113282
0.39505540091441216
0.9415182755388941	0.0584817244611059	0.	0.	0.	0.	0.	0.