0.5104575163398692	0.31928104575163396	0.23267973856209148
0.36657026143790844
0.43311546840958604	0.26448801742919387	0.18867102396514163
0.3062644880174291
0.26629318394024276	0.17553688141923435	0.10289449112978528
0.19439178338001867
0.7525410164065629	0.501800720288115	0.4063225290116043
0.5658875550220086
0.7689989680082557	0.5226006191950462	0.4394220846233228
0.5867913725490194
0.6932676956314807
0.3426883356027683
0.47927417401495787
0.6835242986061046
1.0240687836169424
0.35353058670614235
0.48560258798291767
0.7039146307875312
1.033263056231729
0.36754885784775465
0.6328403028345383
1.0004660646917758
0.2655984359117005
0.6329525148611314
0.36783115107724546
0.768270944741533	0.1622103386809269	0.04773222420281244	0.01643889879183997	0.005149534561299267	0.00019805902158843335	0.	0.