0.24183006535947715	0.16535947712418297	0.12679738562091503
0.18382810457516335
0.23660130718954248	0.15294117647058825	0.13028322440087145
0.17537254901960783
0.10581699346405216	0.10633986928104562	0.09673202614379077
0.10508823529411752
0.682272909163666	0.5142857142857137	0.40896358543417344
0.5525071628651459
0.5265406162464988	0.3794397759103642	0.2946078431372553
0.413752086834734
0.6746446410425356
0.30155361789125584
0.3898674228503067
0.6386608904216505
1.028814897733521
0.37954947628110886
0.46284679591590444
0.6453775492624506
1.0036065701425443
0.305774143731241
0.5936249982097074
1.007368760110156
0.28974525518823646
0.7037379815404008
0.41407049170067356
0.8975	0.09035714285714286	0.01107142857142857	0.0008928571428571428	0.00017857142857142857	0.	0.	0.