0.32984749455337686	0.2880174291938997	0.2422657952069717
0.29530893246187356
0.2565359477124183	0.19019607843137254	0.11928104575163397
0.201947385620915
0.09725490196078429	0.08209150326797382	0.060043572984749445
0.08411189542483657
0.6698679471788719	0.4906762705082029	0.36870748299319717
0.5303501400560222
0.5435897435897435	0.3808446455505276	0.2953745600804424
0.4197618401206634
0.6846377750007303
0.3285723218885426
0.48802569942506235
0.6964651064426827
1.0270172803393667
0.3609625575442648
0.49332132503660614
0.7042241437599416
1.0097576009280487
0.39269673103722
0.6519683979055999
1.000677251940075
0.2594504407570258
0.6080134339198331
0.34950136302755186
0.906271186440678	0.07745762711864407	0.013389830508474577	0.00288135593220339	0.	0.	0.	0.