0.30806100217864923	0.2300653594771242	0.22919389978213509
0.25328671023965144
0.3254901960784314	0.25098039215686274	0.21655773420479302
0.2693346405228758
0.4455882352941173	0.377124183006536	0.31911764705882373
0.3909821895424836
0.6740296118447383	0.4669067627050815	0.42384953981592605
0.5239279711884752
0.690795206971677	0.5500272331154682	0.5360838779956427
0.5905273148148145
0.6748513504537483
0.3168441447596326
0.45095978498482125
0.6355106428125489
1.0230394045380793
0.3622845983076659
0.45947598693783137
0.6473400096621923
1.016286419377658
0.34392715636855953
0.5834966318552485
1.000677251940075
0.2399431112668267
0.6568235699326548
0.4173013220172421
0.91	0.08014705882352942	0.00926470588235294	0.000588235294117647	0.	0.	0.	0.