0.2074074074074074	0.2074074074074074	0.2074074074074074
0.20740740740740737
0.24400871459694984	0.24400871459694984	0.24400871459694984
0.24400871459694984
0.1245098039215686	0.1245098039215686	0.1245098039215686
0.12450980392156859
0.6748299319727894	0.6748299319727894	0.6748299319727894
0.6748299319727893
0.4526143790849675	0.4526143790849675	0.4526143790849675
0.45261437908496743
0.6781152292666981
0.3111521355483372
0.4011289442464488
0.6636726854327387
1.0458668321603597
0.3713342566697543
0.5550979093253213
0.6474877069700747
1.003489944901826
0.37495813783624266
0.6010982037305034
1.0078974842811652
0.2637228486893649
0.659752342146818
0.40702026047162865
0.7918867924528302	0.14018867924528303	0.029622641509433962	0.017358490566037735	0.011509433962264152	0.009433962264150943	0.	0.