0.3995642701525055	0.4008714596949891	0.42178649237472765
0.40286492374727667
0.41830065359477114	0.3873638344226579	0.4021786492374728
0.3983028322440087
0.8803921568627452	0.9379084967320261	0.9745098039215687
0.9248836601307189
0.7631052420968393	0.6581032412965188	0.6557823129251703
0.6892342537014808
0.6358734402852048	0.492156862745098	0.49425133689839545
0.5353668894830658
0.7036695940032863
0.3356463026871056
0.4402567829671642
0.6307510753039094
1.0211922327015326
0.3708280123474664
0.528627255441419
0.6780646988551536
1.0408033497116196
0.36434732019546456
0.5825331305904984
1.0001973402933269
0.2208003872992285
0.6391630367622396
0.41847734222285604
0.8094551282051282	0.13541666666666666	0.03365384615384615	0.01201923076923077	0.008974358974358974	0.0004807692307692308	0.	0.