0.4662309368191721	0.32113289760348585	0.29934640522875816
0.36203355119825703
0.49847494553376903	0.3760348583877996	0.3633986928104575
0.4112039215686274
0.3913398692810459	0.3441176470588235	0.32124183006535934
0.35562924836601306
0.8517006802721085	0.6036814725890357	0.6223289315726291
0.6799650260104041
0.6790535444947208	0.5010746606334839	0.4947398190045247
0.5535681749622924
0.7113500731882811
0.3791319806196402
0.48329311614232245
0.6338842884383915
1.0260403588757796
0.3397802832311027
0.4182740561758912
0.6113069100462908
1.0001121689055381
0.32840315265307674
0.5626623010718597
1.0000228266204076
0.2359281687610015
0.67218070448491
0.43755217261701485
0.8823214285714286	0.10517857142857143	0.011964285714285714	0.0005357142857142857	0.	0.	0.	0.