0.24400871459694984	0.16601307189542486	0.13551198257080607
0.18585664488017428
0.16296296296296298	0.09368191721132897	0.06013071895424836
0.11057211328976034
0.14787581699346408	0.15563725490196084	0.16560457516339883
0.15445285947712423
0.628731492597039	0.4625050020007998	0.39879951980792305
0.5049442977190873
0.42654320987654304	0.27981118373275193	0.24233841684822047
0.31941216412490886
0.6645488126975564
0.3431622576223612
0.4596375514213465
0.6662441551221868
0.9963946005898898
0.3276269666445427
0.4228167655226844
0.6768551173324523
1.0244484819678836
0.33589691471443345
0.6294157388814982
1.000280063019669
0.2957543585930798
0.6669029610531249
0.37123864780402904
0.9166945466711275	0.08062897290063567	0.0026764804282368685	0.	0.	0.	0.	0.