0.5516339869281045	0.31111111111111106	0.318954248366013
0.38392156862745086
0.5298474945533769	0.31023965141612203	0.3054466230936819
0.37535599128540303
0.8874727668845318	0.8244008714596953	0.8819172113289763
0.8498162309368196
0.884113645458183	0.5799119647859138	0.5745498199279708
0.6702569827931167
0.8429660753190159	0.5440087145969492	0.5250544662309368
0.6312361811391216
0.7131116834797019
0.3611826050842044
0.4766232910039432
0.6138527143869179
0.9722487793925106
0.372815083156897
0.5206687472638784
0.6351775964856405
0.9884098589108907
0.4355470817508081
0.5995443369543788
1.
0.16501624489739383
0.5650937002403006
0.4004738916583597
0.9267213114754098	0.06721311475409836	0.0060655737704918035	0.	0.	0.	0.	0.