0.5324618736383442	0.322875816993464	0.26274509803921575
0.3786871459694989
0.5816993464052287	0.3952069716775599	0.33246187363834423
0.44381525054466225
0.23970588235294119	0.17598039215686273	0.17254901960784313
0.19464313725490193
0.9663865546218482	0.8324129651860742	0.7276510604241699
0.8605282112845135
0.8976335361730894	0.6637367590714446	0.5112012621140408
0.7162828487716923
0.7034758612942462
0.3653468006792744
0.4371217427211245
0.6359225031129101
0.9922643891784437
0.34753905129334284
0.47484386209556145
0.630936300143981
1.0186871273021285
0.3490697308309762
0.5845044704081588
1.0000811359027704
0.2387861273774092
0.6516610265647975
0.416647418694569
0.8817241379310344	0.08379310344827587	0.025	0.007068965517241379	0.002413793103448276	0.	0.	0.