0.46753812636165576	0.3281045751633987	0.2884531590413943
0.36527494553376905
0.5376906318082788	0.3925925925925925	0.3568627450980392
0.43190370370370357
0.46705882352941186	0.3325490196078431	0.2848366013071895
0.3673282352941177
0.716606642657063	0.5094837935174066	0.4537815126050415
0.5650634653861542
0.6883957219251337	0.5321925133689839	0.48784313725490186
0.5738414438502673
0.6759559299956539
0.32968500405034906
0.45572139947347784
0.6548096905383547
1.0448866067759526
0.35328508475414
0.41295205288990366
0.5997540836527535
0.9942119259108233
0.32344706103301074
0.5789138359104421
1.0118437406568805
0.2555293170460289
0.6886827494924962
0.43324633631659754
0.9689285714285715	0.025357142857142856	0.0035714285714285713	0.00125	0.0008928571428571428	0.	0.	0.