0.33366013071895423	0.18366013071895426	0.18627450980392157
0.22880816993464054
0.5721132897603486	0.33159041394335503	0.3163398692810457
0.40176819172113276
0.10343137254901963	0.07411764705882354	0.10441176470588238
0.08633598039215687
0.8023209283713487	0.479631852741096	0.342296918767507
0.5604597038815523
0.7056818181818179	0.3657085561497326	0.3188279857397505
0.46201617647058807
0.6906594436681713
0.3479814875858763
0.3415460851806246
0.6257301040283308
0.9763104141580118
0.3653395314017341
0.4647793644173003
0.6367630436689091
0.9904005725263155
0.3005466532367754
0.6175035507055614
1.009752444909147
0.32948457421615523
0.7176930896878764
0.39231582258773656
0.8814285714285715	0.09982142857142857	0.01875	0.	0.	0.	0.	0.