0.2871459694989107	0.19215686274509805	0.15729847494553376
0.21658474945533768
0.2274509803921569	0.14901960784313723	0.1076252723311547
0.1677516339869281
0.08952380952380955	0.09736694677871151	0.09344537815126054
0.0945747899159664
0.751980792316927	0.5735094037615045	0.5053221288515403
0.6190989995998399
0.604641470114616	0.40058728805531885	0.3722269584162168
0.458366410912191
0.6822735287628748
0.32819993949486725
0.36351951025530127
0.6213933955709335
0.9640925575605765
0.36864438776634995
0.5188747187581045
0.6602951521210723
1.0180184907920828
0.35234771844021573
0.6125777275739984
1.
0.2766669185530509
0.655518474373973
0.3882195709681401
0.8731343283582089	0.11059701492537313	0.01626865671641791	0.	0.	0.	0.	0.