0.2705882352941177	0.08278867102396513	0.020479302832244008
0.13183747276688454
0.23703703703703702	0.09324618736383443	0.03660130718954247
0.12978213507625272
0.17843137254901958	0.12549019607843137	0.05359477124183007
0.1331235294117647
0.746058423369348	0.30764305722288915	0.13317326930772297
0.4188396958783514
0.5440588235294119	0.14992156862745062	0.07101960784313707
0.2587737843137253
0.7151853413487212
0.3730106042493651
0.45922988931983394
0.6798049412484014
0.9828094240147871
0.35404239379199065
0.44034452575658994
0.6811063291926057
1.0184771658630394
0.3381329314906028
0.644401050887623
1.000567948804188
0.30646443144371366
0.6635514018691588
0.35781032695995185
0.95109375	0.04390625	0.005	0.	0.	0.	0.	0.