0.3342047930283224	0.2793028322440087	0.2980392156862745
0.29785446623093675
0.22527233115468412	0.17734204793028321	0.14335511982570803
0.1877986928104575
0.17490196078431375	0.1388235294117647	0.20352941176470588
0.15698745098039216
0.5598239295718287	0.4541816726690671	0.5010804321728687
0.4911151660664262
0.5669571532316627	0.43373275236020326	0.508315177923021
0.48206924473493085
0.7181926957712027
0.44546055676712737
0.569999711880003
0.6646548759955399
1.028360281471456
0.2805965998265227
0.3814184756477334
0.6590223163321614
1.002313710056218
0.3553648696824661
0.6128000816950346
1.0020350501546056
0.28159012982506115
0.6539900971464446
0.39442827152890286
0.8456706281833616	0.13208828522920205	0.02071307300509338	0.0015280135823429542	0.	0.	0.	0.