0.28148148148148144	0.24575163398692812	0.1986928104575163
0.2510701525054466
0.3098039215686274	0.2779956427015251	0.23529411764705876
0.2826383442265795
0.13613445378151262	0.10560224089635853	0.09159663865546219
0.11313473389355741
0.6466586634653863	0.4980392156862743	0.4551420568227288
0.5375861544617846
0.572058823529412	0.322103386809269	0.31336898395721907
0.39584434046345807
0.6817191135914841
0.31576453313132274
0.45254674631044645
0.6802302928137951
0.9921659565201916
0.37972343104834383
0.5053741441776559
0.6906636915641801
0.9923463012692458
0.404040404040404
0.6635350184120725
1.0009447333235946
0.26051438000142124
0.5975434705396477
0.33741075357368433
0.7870445344129555	0.1865587044534413	0.026396761133603237	0.	0.	0.	0.	0.