0.24618736383442266	0.12156862745098038	0.13246187363834422
0.1600714596949891
0.23660130718954248	0.1821350762527233	0.17603485838779956
0.19772505446623093
0.22875816993464052	0.2450980392156863	0.2620915032679738
0.24214967320261438
0.7486194477791118	0.44065626250500156	0.45226090436174426
0.5340601840736292
0.47763253449527954	0.3016702977487291	0.3067780198499153
0.3548652868554829
0.6749047765009254
0.307486266093709
0.42226162067765005
0.6196840249807367
0.9801447408285041
0.3806999439659039
0.45123261951636473
0.6279764414491857
1.009945355432095
0.3443856310261909
0.5922627203190608
1.0020641960778882
0.24788325600335026
0.6586401342233589
0.4121222057674715
0.8346296296296296	0.1387037037037037	0.026296296296296297	0.00037037037037037035	0.	0.	0.	0.