0.4592592592592592	0.25838779956427016	0.20130718954248364
0.31194117647058817
0.5294117647058824	0.3176470588235294	0.23529411764705876
0.37157647058823523
0.40102707749766536	0.2919234360410828	0.20424836601307175
0.3145504668534077
0.7204481792717088	0.4160064025610242	0.34389755902360936
0.4988140856342536
0.6591675266597867	0.370966632266942	0.29040247678018577
0.4479543859649123
0.6614472394046492
0.34082517349624797
0.45467193858746857
0.691107720560032
0.9963271666401218
0.3284526759590882
0.49430808176536545
0.7123230407966368
1.0131909292625287
0.3921963374302732
0.6702216581251024
1.
0.2790080551716036
0.6088394180514587
0.3299024480612854
0.8133962264150943	0.16849056603773585	0.017924528301886792	0.00018867924528301886	0.	0.	0.	0.