0.21917211328976036	0.12679738562091505	0.13638344226579519
0.15551023965141614
0.22352941176470587	0.1398692810457516	0.16339869281045752
0.1675660130718954
0.46241830065359474	0.4419934640522876	0.45196078431372555
0.4492367647058823
0.6175270108043219	0.3971188475390154	0.39991996798719465
0.46334021608643444
0.4828931021444388	0.3350618484308322	0.3288608005185542
0.3785564738292009
0.6006945560829556
0.30566280004114166
0.40673426383788924
0.5856082003911761
0.9527689389118917
0.32166433265479233
0.4100202737563362
0.5875102941836492
0.968410292345584
0.36713906937476204
0.5942526673567591
1.002647546243882
0.2271294179195918
0.6358292952017162
0.4089481045250745
0.7054467871485943	0.22377008032128515	0.058609437751004016	0.012048192771084338	0.0001255020080321285	0.	0.	0.