0.19564270152505447	0.11721132897603483	0.08278867102396514
0.13673812636165578
0.16339869281045752	0.05620915032679738	0.02352941176470588
0.08453333333333332
0.5392156862745097	0.34983660130718947	0.27516339869281037
0.39794820261437897
0.6413765506202481	0.3531812725090037	0.31644657863145254
0.43516390556222495
0.5638644729922618	0.3038689805424088	0.24929757343550465
0.37538649237472776
0.7000095605703873
0.3863509332962824
0.5159092491615069
0.685840607481135
1.0216635396113067
0.31849799507644105
0.43525279738303707
0.6730464190805385
1.0203691705501379
0.3614622433101228
0.6236719978134605
1.0007028779812717
0.26582013557105655
0.6414953108375707
0.3770365332988288
0.9525423728813559	0.046610169491525424	0.000847457627118644	0.	0.	0.	0.	0.