0.6366013071895423	0.43877995642701517	0.35468409586056643
0.48834161220043565
0.6287581699346404	0.44880174291938996	0.3816993464052288
0.49495904139433544
0.21495098039215696	0.14313725490196075	0.10821078431372552
0.16062794117647058
0.9252501000400157	0.7339735894357747	0.6311324529811929
0.7794413765506204
0.8968567119155345	0.6714328808446448	0.5822745098039214
0.7286705520361982
0.6814657023192651
0.3291668772817516
0.48977732800784923
0.6946137331667097
1.0522041914123157
0.3523576311667192
0.5400254533107824
0.714876402926106
1.0711986621269363
0.3814250007296941
0.6122258843845674
1.000837513927323
0.23226581850112935
0.6202198780090259
0.3886173584710637
0.840952380952381	0.13095238095238096	0.022698412698412697	0.005396825396825397	0.	0.	0.	0.