0.40043572984749454	0.22745098039215683	0.09281045751633987
0.26382440087145964
0.39520697167755986	0.20784313725490194	0.09542483660130718
0.25104923747276686
0.18473389355742306	0.16218487394957978	0.10756302521008404
0.1627001400560224
0.6086434573829534	0.39015606242496986	0.27723089235694276
0.4426103241296519
0.5954248366013075	0.36280451574569195	0.25145573380867503
0.41966423054070107
0.7145381085328015
0.33883467858338084
0.4489347027693535
0.6582438399453382
1.009250522117923
0.3878942628894304
0.4485342607195731
0.6502090084821553
0.995156862679916
0.33857601168769813
0.6149955668587189
1.0032953515789855
0.27660086795070604
0.6649479274347934
0.388350238307581
0.8962711864406779	0.09152542372881356	0.011864406779661017	0.00033898305084745765	0.	0.	0.	0.