0.38126361655773416	0.4156862745098039	0.4348583877995642
0.40757952069716774
0.31274509803921563	0.3264705882352941	0.34934640522875815
0.32497450980392156
0.6004901960784316	0.5097426470588237	0.39325980392156823
0.5235971200980393
0.8040016006402563	0.5052420968387351	0.5130052020808319
0.5954561824729889
0.7054621848739487	0.43680672268907567	0.4360084033613445
0.5170436974789914
0.6550192015003388
0.3757055690361381
0.5407845562837524
0.659360617092672
1.0383786080065953
0.28007768906621866
0.5062783437555329
0.6632870420561179
1.045426645387959
0.4240118131702768
0.5924471568107207
1.0064220375916768
0.1696082885904552
0.5824534786324238
0.4145744637905959
0.9047692307692308	0.0823076923076923	0.012769230769230769	0.00015384615384615385	0.	0.	0.	0.