0.3603485838779956	0.220479302832244	0.14596949891067537
0.25380610021786487
0.35381263616557734	0.21263616557734205	0.14509803921568626
0.24714858387799563
0.08954248366013073	0.0784313725490196	0.0303921568627451
0.07627712418300653
0.7385354141656668	0.48419367747098785	0.3281312525010003
0.5424507402961183
0.6560224089635855	0.30950226244343887	0.23708252531781943
0.40485593622064214
0.6831232649095312
0.37008799615002097
0.5422063942601925
0.7073334566090151
1.0698311344033586
0.3130934004348686
0.46119132588373557
0.6980332922029528
1.0727859778312947
0.36177103221772394
0.6098808674046192
1.0114930669119437
0.25410080143122793
0.6536635315248388
0.4016144553847092
0.9032302405498281	0.08261168384879725	0.013058419243986255	0.001099656357388316	0.	0.	0.	0.