0.3468409586056645	0.13289760348583876	0.06405228758169934
0.18901830065359476
0.36732026143790847	0.16165577342047932	0.08235294117647059
0.21410893246187362
0.19387254901960785	0.11323529411764709	0.057107843137254914
0.13094730392156864
0.7444577831132457	0.3943977591036413	0.19095638255302114
0.4758733893557423
0.6472380952380946	0.24575910364145623	0.13889075630252068
0.3536183305322124
0.6925483206336019
0.3782360418502641
0.4607560384132668
0.6745126252041397
1.0194142866846463
0.3285946947023198
0.3973967549808823
0.6241444949181648
0.9684937214020019
0.3231211714825145
0.6187298520779191
1.0008088946705747
0.2956287850144512
0.6776928336900033
0.3822023932704494
0.9770723104056437	0.02239858906525573	0.0005291005291005291	0.	0.	0.	0.	0.