0.3825708061002179	0.29760348583878	0.2592592592592592
0.31863747276688453
0.4226579520697168	0.3137254901960784	0.30196078431372547
0.344955119825708
0.22436974789915964	0.18907563025210078	0.1463585434173669
0.1947588235294117
0.8051220488195278	0.5982392957182876	0.5398159263705483
0.6534369747899161
0.6997712418300649	0.5072549019607843	0.4740849673202615
0.5610359150326796
0.7067037897556825
0.34674265263033394
0.479967605888663
0.6406933807876223
1.0319888565570137
0.3664846538961018
0.4325940525602975
0.6255651466411083
1.0160565422192276
0.33856829733159666
0.5738173298302934
1.0095270240610894
0.23781470883563977
0.6728963756090786
0.4357549350058339
0.8762711864406779	0.11508474576271187	0.008135593220338983	0.0005084745762711864	0.	0.	0.	0.