0.42265795206971685	0.2575163398692811	0.22657952069716772
0.30336688453159044
0.6549019607843137	0.4004357298474945	0.3045751633986928
0.46559302832244004
0.4331550802139038	0.3605704099821746	0.327415329768271
0.3784935472370766
0.8232893157262905	0.6107242897158862	0.5396558623449379
0.6661794317727089
0.7855596405228751	0.5802696078431373	0.4922589869281043
0.6316181168300651
0.6310317171250583
0.34755442258460745
0.5348413930234791
0.6515320445781457
1.0486791101010013
0.2848454720093883
0.4298552613063543
0.614160719755512
1.011559261606227
0.383562952991164
0.5683385973735778
1.0000225212544367
0.19267109081959674
0.6194662765577101
0.4319096574151556
0.895021645021645	0.09848484848484848	0.006493506493506494	0.	0.	0.	0.	0.