0.4230936819172113	0.10326797385620914	0.18736383442265797
0.20848278867102393
0.5385620915032681	0.23137254901960785	0.28845315904139435
0.32972941176470594
0.18545751633986932	0.05915032679738562	0.2250000000000001
0.11582303921568629
0.916926770708283	0.6197679071628652	0.5677470988395357
0.7026880352140855
0.7699891067538113	0.3906136528685546	0.38759985475671754
0.5037033405954968
0.6824222959531473
0.36758638492127366
0.45644975216959316
0.6410320917777421
1.0267648604216681
0.31910765610981545
0.41822141406086855
0.6426094994489409
1.017043759687354
0.3112758239982238
0.5823221623186701
1.0013483909714926
0.2717163429015024
0.6900959131007669
0.4198595977144095
0.79	0.1703448275862069	0.034482758620689655	0.005172413793103448	0.	0.	0.	0.