0.486710239651416	0.3564270152505446	0.31067538126361655
0.39016601307189536
0.4082788671023965	0.31808278867102396	0.2919389978213508
0.3420710239651416
0.6236383442265796	0.6014161220043575	0.5375816993464053
0.6007834422657953
0.7603841536614648	0.5787114845938377	0.5201280512204878
0.6263531012404963
0.6242953431372548	0.35860906862745084	0.32175245098039185
0.43384761029411745
0.6820602584896626
0.34213006081666836
0.46820497705319203
0.6643344911589588
1.0050485367617408
0.3528708655423909
0.45107820608290056
0.6586989568726523
0.9844706668849191
0.37519663125783576
0.6336485486658796
1.0014170136126261
0.2588148002596032
0.6262499091497841
0.36805343628785925
0.9278864595320292	0.06354686101521545	0.007927375015982611	0.0006393044367727912	0.	0.	0.	0.