0.3851851851851852	0.2631808278867102	0.2823529411764706
0.30184575163398686
0.35555555555555557	0.244880174291939	0.27843137254901956
0.2817969498910675
0.12259570494864602	0.09813258636788054	0.1646125116713353
0.11302577030812325
0.6315326130452183	0.43601440576230455	0.47939175670268047
0.4994193677470986
0.6066110735481929	0.43861467958831013	0.45565321914206275
0.49078799489144276
0.6652800846308436
0.3385885727391178
0.4505369330723378
0.622564155781787
1.0099545468009872
0.33327107503210374
0.4342313301946815
0.6373531410255049
1.0136036667644106
0.3385482106697223
0.5819791534713581
1.0024514558094133
0.24455534882053165
0.6641700343322223
0.42076275304324434
0.8962765957446809	0.1032540675844806	0.00046933667083854817	0.	0.	0.	0.	0.