0.6349673202614379	0.41274509803921566	0.3450980392156862
0.47147777777777766
0.4688453159041394	0.28976034858387795	0.2152505446623094
0.3348126361655773
0.08954248366013073	0.0869281045751634	0.07908496732026143
0.08681568627450979
0.7933573429371749	0.5421368547418968	0.45794317727090805
0.6076537014805922
0.6354278074866311	0.3669786096256679	0.2997771836007126
0.43958395721925103
0.6800380233306521
0.2933290161976884
0.4158279909013016
0.6825608612401083
1.0302556135857712
0.3887447623587284
0.46640836591830437
0.6985012642832562
1.0535704147891751
0.30667962230482754
0.6277188236100538
1.0104330901779277
0.32103978976352904
0.7040557436215962
0.38393790999810795
0.901593252108716	0.08697282099343955	0.010871602624179943	0.0005623242736644799	0.	0.	0.	0.