0.45533769063180823	0.3969498910675381	0.38300653594771245
0.4128183006535947
0.38946078431372544	0.3504901960784314	0.3294117647058824
0.35973946078431374
0.26808278867102403	0.25991285403050113	0.24444444444444455
0.260592265795207
0.613605442176871	0.4776310524209678	0.4276910764305719
0.5125942376950776
0.5542625745950555	0.4420076726342713	0.4050298380221658
0.47135641517476573
0.6853676935258534
0.3063466616314837
0.418818116631437
0.6487145590577442
1.0540886683074062
0.38818889845033666
0.516572938402847
0.614521764058448
1.0025701934802478
0.37172648625263904
0.5902780351853886
1.0295169400428532
0.23626397646220634
0.6674939837563545
0.43928694894924963
0.9461818181818182	0.05272727272727273	0.0009090909090909091	0.0001818181818181818	0.	0.	0.	0.