0.49498910675381264	0.3315904139433551	0.37472766884531594
0.3853642701525054
0.49847494553376903	0.38649237472766884	0.41873638344226577
0.4236509803921569
0.12306255835667598	0.13632119514472452	0.21998132586367883
0.1418941176470588
0.9190876350540211	0.7508603441376553	0.7334133653461389
0.7991713485394158
0.7531454248366011	0.5087418300653592	0.5392156862745097
0.5852925245098036
0.6657148104492419
0.339190184550735
0.4869695746363147
0.670816272132818
0.9732250972954767
0.3439981848557719
0.47470055035939906
0.7001067293323838
0.9909113910120522
0.4238523353821677
0.6759670336203112
1.0006530020648732
0.254705422899967
0.5777314791306257
0.325
0.8572131147540983	0.12229508196721312	0.018032786885245903	0.002459016393442623	0.	0.	0.	0.