0.1843137254901961	0.1843137254901961	0.1843137254901961
0.1843137254901961
0.2627450980392157	0.2627450980392157	0.2627450980392157
0.2627450980392157
0.03137254901960784	0.03137254901960784	0.03137254901960784
0.03137254901960784
0.8199279711884754	0.8199279711884754	0.8199279711884754
0.8199279711884754
0.7511289364230533	0.7511289364230533	0.7511289364230533
0.7511289364230533
0.6885407587261979
0.32205972077349304
0.5057319052743813
0.7215063618167773
1.0284469194124934
0.36837687579984146
0.5202979158615205
0.7387656266690132
1.039533485250608
0.4059555181837334
0.669199200299126
1.0003966680044936
0.26351939470872476
0.5946362966181648
0.3311980854944925
0.7238181818181818	0.16563636363636364	0.06418181818181819	0.028363636363636365	0.014545454545454545	0.0034545454545454545	0.	0.