0.26840958605664483	0.12156862745098038	0.11328976034858386
0.16453028322440086
0.34553376906318084	0.14030501089324618	0.08148148148148149
0.19496252723311547
0.31372549019607804	0.26836349924585184	0.2476621417797885
0.2795667797888382
0.5222088835534207	0.22192877150860324	0.22673069227691056
0.3122599439775907
0.45519904931669647	0.17320261437908502	0.1446821152703506
0.2542682115270351
0.6575844500502923
0.3199773088798632
0.40746939292121537
0.6430978241444566
1.0110270744512684
0.3498612091915226
0.4572911222446403
0.6032407959664049
0.9804069128778282
0.3441434956420538
0.5944700539540573
1.0044401248457482
0.25822598805362906
0.6635882223955916
0.41053680771198003
0.9888135593220339	0.011186440677966102	0.	0.	0.	0.	0.	0.