0.36296296296296293	0.2740740740740741	0.26884531590413935
0.3000557734204793
0.3241830065359477	0.24575163398692806	0.22919389978213509
0.26731503267973855
0.18387799564270121	0.13729451376510182	0.11435927906516123
0.1486083580907108
0.6502601040416169	0.45098039215686225	0.42641056422568996
0.5077640656262502
0.5720915032679735	0.3866122004357296	0.3762854030501091
0.4408932570806097
0.6704545454545454
0.2934489354517468
0.3488279362330985
0.5956044065603479
1.0071098836737218
0.37920639529485983
0.4721251434275674
0.6388084381756022
1.0561683292700819
0.2618247855474492
0.5441273336705995
1.0005269315038603
0.2865480844573843
0.7401960784313726
0.45727915973425365
0.8931578947368422	0.10491228070175439	0.0019298245614035089	0.	0.	0.	0.	0.