0.4222222222222223	0.19389978213507625	0.15904139433551198
0.25819433551198256
0.30065359477124176	0.1690631808278867	0.1150326797385621
0.20224923747276685
0.09543817527010788	0.07959183673469376	0.1603441376550618
0.09353565426170454
0.7204481792717087	0.32340936374549817	0.2687474989995999
0.4358925170068027
0.6688491048593354	0.27924978687126994	0.2531287297527703
0.39276218243819255
0.6920021154901025
0.33540368902841244
0.41719759839419124
0.6815681458374158
1.0112579705264804
0.3739780561018921
0.40779903733697853
0.6549929044608677
0.9858116559641052
0.3035360293788006
0.6508122403423396
1.0155211773291393
0.3473305398207702
0.7121552818673176
0.3648919978667735
0.8025974025974026	0.1358070500927644	0.04341372912801484	0.015398886827458255	0.0027829313543599257	0.	0.	0.