0.3372549019607842	0.21089324618736383	0.17821350762527233
0.2449498910675381
0.42418300653594765	0.25098039215686274	0.1790849673202614
0.2945718954248366
0.5357298474945535	0.4905228758169935	0.5240740740740741
0.5078645969498912
0.7450980392156866	0.5363745498199277	0.4529811924769905
0.5892760304121648
0.64828431372549	0.42426470588235266	0.33441176470588235
0.48100333333333306
0.6991183200234239
0.31171453410385797
0.46996488989700264
0.690575467892208
1.0156949611515365
0.39620794400604636
0.5297318572138484
0.6834810639498639
1.0141437877438255
0.41122525148334266
0.6485754651794671
1.0090672518382298
0.24062850287219037
0.5985295297509153
0.361428264221743
0.8455	0.13733333333333334	0.016166666666666666	0.0008333333333333334	0.00016666666666666666	0.	0.	0.