0.42178649237472765	0.3281045751633987	0.3211328976034858
0.355320697167756
0.3372549019607843	0.22440087145969498	0.20479302832244003
0.25590893246187363
0.0774509803921569	0.06830065359477122	0.09488017429193903
0.07406666666666667
0.9258103241296517	0.7561424569827936	0.7172468987595044
0.8024390556222492
0.8404761904761895	0.5582633053221285	0.5311624649859942
0.6395554621848735
0.6488264883702081
0.337059627086539
0.4404303783568169
0.6966444020331258
0.9825286823155808
0.32668019880766147
0.44176745025465025
0.6837564447673473
0.9895713656645533
0.36886942206498685
0.6790842948405564
1.001174700305895
0.3105595819722984
0.6323054961049676
0.3229383983672465
0.7576666666666667	0.15833333333333333	0.0665	0.013833333333333333	0.0036666666666666666	0.	0.	0.