0.35381263616557734	0.2222222222222222	0.19259259259259257
0.2581899782135076
0.3947712418300653	0.27276688453159037	0.23311546840958605
0.30472592592592584
0.48137254901960813	0.432450980392157	0.40470588235294136
0.4439155882352943
0.6660264105642261	0.4767507002801117	0.4266506602641053
0.5276327330932371
0.5660414890593918	0.3913327649900539	0.35674907644217124
0.4396281329923273
0.7194539177685747
0.30855448817472314
0.4009750742130727
0.6410398073334063
1.0041409953621276
0.4210058245409274
0.5276543033269544
0.6584099448656028
1.0102220326948022
0.3496251318220966
0.6020791539603577
1.0016548596933532
0.26043006808918334
0.6558337194310356
0.39988521863556936
0.894074074074074	0.09888888888888889	0.007037037037037037	0.	0.	0.	0.	0.