0.31067538126361655	0.21394335511982573	0.19738562091503264
0.24097864923747275
0.29281045751633983	0.1821350762527233	0.1655773420479303
0.21333943355119822
0.09542483660130718	0.10348583877995643	0.11546840958605667
0.10244161220043574
0.5285314125650254	0.37438975590236084	0.34557823129251697
0.4171935974389753
0.3688888888888889	0.22460130718954205	0.19168627450980352
0.26399098039215657
0.6909802087071888
0.3484922744318231
0.39168937791622116
0.6248249257153266
1.0049362534216184
0.35070865729519207
0.47287231865776036
0.650617439697694
1.0122774288807996
0.31540105241311417
0.5895412529276981
1.001032524797511
0.27894703824418265
0.690684119575879
0.41208974486194516
0.9205263157894736	0.07894736842105263	0.0005263157894736842	0.	0.	0.	0.	0.