0.1934640522875817	0.11633986928104575	0.09368191721132899
0.1368169934640523
0.2727668845315904	0.15424836601307187	0.11241830065359476
0.1849167755991285
0.38484848484848494	0.2500891265597148	0.19358288770053475
0.2839404634581105
0.6258503401360547	0.3440576230492196	0.2103241296518606
0.41306802721088437
0.5460572107630928	0.3591545709192774	0.2820388761565236
0.4062472710296242
0.7020702626842559
0.3632095319494343
0.38956698261043243
0.6277701612431197
1.0181683252771065
0.3572757199464694
0.4721059577058558
0.6134662825771527
0.9880733248032278
0.33333333333333326
0.592697071551066
1.0205367209966558
0.2711310399925317
0.697093712026619
0.42821223906932765
0.8260943045462228	0.13892175088727396	0.030251816799053574	0.004563123204326517	0.0001690045631232043	0.	0.	0.