0.28409586056644875	0.15511982570806102	0.19302832244008714
0.19800522875816992
0.2130718954248366	0.12374727668845316	0.12723311546840957
0.15085272331154684
0.28436041083099883	0.09892623716153123	0.0894024276377217
0.15328534080298775
0.8919567827130851	0.6020008003201281	0.6098439375750303
0.689591756702681
0.7705478899378673	0.5141450819010736	0.58242556281772
0.5985934963285725
0.6816340164197006
0.3576091309336788
0.48310142640921033
0.6500338128637865
1.029717143818906
0.324784387650548
0.44472724587917767
0.6499758492023896
1.051993413715061
0.33045593093075565
0.5697989934283385
1.0002973977760916
0.24066500188612944
0.6714088583895829
0.43081029210131927
0.8336666666666667	0.12516666666666668	0.036833333333333336	0.004166666666666667	0.00016666666666666666	0.	0.	0.