0.5167755991285402	0.3603485838779957	0.3782135076252723
0.40915686274509805
0.5821350762527233	0.39172113289760346	0.4021786492374728
0.4498470588235294
0.10544662309368191	0.15076252723311548	0.24270152505446618
0.1476941176470588
0.8656262505001997	0.6613845538215292	0.6064025610244101
0.7161848739495801
0.7497016197783458	0.5764421710713272	0.5842000568343276
0.6291311452117078
0.7261472301182278
0.34939093074073324
0.4944601890468887
0.7301345175192052
1.0886419373844718
0.3778061840441096
0.5043425728524272
0.6837990415856559
1.0323447239798178
0.36245887151053624
0.6277041530303239
1.017503673018923
0.2675932285340265
0.6566015513336908
0.3897995729383959
0.8757894736842106	0.11719298245614035	0.007017543859649123	0.	0.	0.	0.	0.