0.4740740740740739	0.2880174291938998	0.22309368191721132
0.33624705882352934
0.41612200435729835	0.24008714596949887	0.18082788671023964
0.2859660130718954
0.2352941176470588	0.15228758169934642	0.10326797385620914
0.17151830065359475
0.7091636654661866	0.3728691476590636	0.3115646258503404
0.4664324929971989
0.5417797888386127	0.29558823529411726	0.2376696832579183
0.3625967948717947
0.6959886166879004
0.3329875392610886
0.3494995619406085
0.6347833023292427
1.000189608700844
0.3709584531886967
0.438620759731715
0.6581868142837196
1.0188306930171274
0.23811983428380698
0.5972242160301041
1.000019051792299
0.3622995375168537
0.7642878369626227
0.40280438396585566
0.9613559322033899	0.03864406779661017	0.	0.	0.	0.	0.	0.