0.3002178649237473	0.20871459694989106	0.15642701525054464
0.2301132897603486
0.30239651416122	0.22265795206971675	0.17690631808278864
0.24128409586056643
0.12911764705882364	0.13196078431372552	0.12931372549019612
0.1308089215686275
0.4783513405362139	0.33309323729491813	0.28139255702280896
0.37063153261304516
0.3472964943553178	0.20279263220439644	0.17569815805109887
0.24291051693404603
0.7043825832117668
0.3621296250113827
0.4473397649559948
0.6573744813852596
1.0239041123554127
0.34607399381208276
0.44414773352235576
0.664658076122992
1.027279472289236
0.31000000000000005
0.5962589556167058
1.0000213590781446
0.2862686538081402
0.6900309548219553
0.4038690126490566
0.9882758620689656	0.011724137931034483	0.	0.	0.	0.	0.	0.