0.22265795206971675	0.06710239651416121	0.060566448801742924
0.11286840958605664
0.2570806100217865	0.08888888888888889	0.08191721132897603
0.13838344226579521
0.1519607843137255	0.04607843137254902	0.03333333333333333
0.0762843137254902
0.5435774309723888	0.23625450180072016	0.19959983993597424
0.323965426170468
0.44774833010127135	0.1963369963369962	0.1535444947209651
0.2666306399482869
0.7403355726299548
0.38346146315850643
0.4486965877530629
0.6539878381393559
1.0152904134050629
0.36526347027208117
0.43625626235686527
0.6248811104029174
1.0128974589583717
0.29824561403508776
0.5770790513536604
1.
0.2791804896896211
0.7017543859649122
0.42368792711312425
0.9250704225352113	0.06830985915492958	0.006619718309859155	0.	0.	0.	0.	0.