0.5154684095860567	0.3324618736383442	0.23747276688453156
0.37635206971677554
0.40871459694989104	0.23921568627450984	0.14640522875816991
0.27931546840958604
0.18039215686274512	0.13856209150326798	0.09411764705882353
0.14600261437908496
0.9000400160064022	0.6042416966786719	0.5277310924369746
0.6839631852741097
0.8154995331465915	0.5919389978213506	0.5024276377217551
0.6485793028322437
0.7148492604872493
0.3402224523650532
0.47279510598841645
0.6528825625414522
1.0045530927979733
0.3869809845377875
0.4281536291278089
0.6271632823880259
0.9956216169646906
0.3441771501441638
0.5990031902177122
1.0012142994375057
0.25698277497894056
0.6605026594618534
0.40352293945328793
0.7751851851851852	0.17148148148148148	0.04703703703703704	0.005740740740740741	0.0005555555555555556	0.	0.	0.