0.6409586056644879	0.47363834422657947	0.441830065359477
0.5200409586056643
0.6427015250544661	0.49455337690631807	0.4596949891067538
0.534875816993464
0.776960784313726	0.7325980392156866	0.7500000000000003
0.747846323529412
0.7955182072829133	0.576790716286515	0.5981592637054824
0.6446262505002003
0.6475113122171945	0.44630467571644034	0.4103770739064853
0.5023697134238309
0.6951103298892136
0.32887722241387524
0.4060860728637076
0.676186527356145
0.9794180850735533
0.3810204844437416
0.5166044683641541
0.6964392799438421
1.0078770669352712
0.37432439286608615
0.6634519107762927
1.002066876698022
0.29685619661942797
0.6314172901208446
0.3391808519841032
0.9359677419354838	0.05935483870967742	0.004193548387096774	0.0004838709677419355	0.	0.	0.	0.