0.411437908496732	0.3045751633986928	0.26830065359477123
0.3323918300653595
0.40784313725490196	0.26928104575163403	0.22614379084967318
0.3057934640522876
0.34068627450980377	0.2952380952380953	0.2661064425770308
0.3055060924369748
0.6906762705082031	0.4956382553021207	0.4392957182873146
0.5475315726290515
0.7431729055258464	0.49215686274509785	0.4553654188948307
0.5630164349376112
0.6819703720909234
0.2695801807079875
0.4571211456195109
0.7118414923773814
1.0423572563987014
0.41453416772241847
0.5648125545471394
0.7209141763013945
1.0288705394399842
0.4022929482554494
0.6594392846869813
1.0084322660464624
0.2639644234573043
0.6103468515804462
0.3490040550165579
0.8637320574162679	0.13110047846889952	0.005167464114832536	0.	0.	0.	0.	0.