0.3703703703703703	0.2222222222222222	0.15686274509803919
0.2590675381263616
0.4422657952069717	0.28496732026143784	0.21612200435729848
0.32415119825708055
0.022549019607843137	0.05735294117647059	0.04950980392156863
0.04605245098039216
0.8341736694677869	0.5662264905962386	0.4280112044817924
0.6305861544617847
0.7324509803921558	0.5286601307189541	0.4655228758169936
0.582395947712418
0.7345939220327548
0.3360065377441093
0.40403912635907646
0.6340091918178288
1.006665490997438
0.4073359587675948
0.48084991122444865
0.6543369343111904
1.0205536279706462
0.30208333333333337
0.5858674312600907
1.0012810253450681
0.28509254003971585
0.6997509309226978
0.41555741819865033
0.8057765479072985	0.1563472846765825	0.027153234175025943	0.009685230024213076	0.0010377032168799724	0.	0.	0.