0.465359477124183	0.23355119825708057	0.1625272331154684
0.2947651416122004
0.47668845315904135	0.24095860566448798	0.18082788671023967
0.3045869281045751
0.3196078431372549	0.19901960784313727	0.19607843137254902
0.23474019607843138
0.8905962384953979	0.5325330132052818	0.4717086834733888
0.6326599439775906
0.725098039215686	0.4244444444444442	0.3706862745098034
0.5082114379084964
0.663181859607135
0.3335979627928725
0.4878836839512688
0.7382787868131302
1.0316370747634942
0.3335594974905336
0.46780762563568945
0.7115042359957005
1.011603842565881
0.38054866168301876
0.681069746436792
1.0027062631705073
0.30053179977850203
0.6221735309545545
0.32179428690467893
0.9477611940298507	0.041791044776119404	0.00880597014925373	0.0016417910447761193	0.	0.	0.	0.