0.37952069716775594	0.2566448801742919	0.24531590413943355
0.29209324618736376
0.36993464052287583	0.2566448801742919	0.23529411764705882
0.28808453159041386
0.2598039215686274	0.2166666666666667	0.18382352941176475
0.22582058823529413
0.6640256102440978	0.4098439375750297	0.38767507002801105
0.48331700680272094
0.6404281519371033	0.4035237283319125	0.37251113005588715
0.4708227147863977
0.6946265505021165
0.3489476173366555
0.4812497189862315
0.6997969509925556
1.0638785852177934
0.34593500291878077
0.4791697030575775
0.6641297309041628
1.045286059569012
0.34105448156296814
0.5964956936013172
1.0051794948509636
0.256704881962319
0.6643101851871043
0.4093269237688584
0.9368852459016394	0.06311475409836066	0.	0.	0.	0.	0.	0.