0.5376906318082789	0.29760348583878	0.15250544662309368
0.3528483660130719
0.41612200435729846	0.19520697167755993	0.09847494553376906
0.2502331154684096
0.8696078431372549	0.7215686274509804	0.6088235294117648
0.7529794117647058
0.6352941176470586	0.3519807923169266	0.25874349739895947
0.42606242496998775
0.5508451656524679	0.3171963038088797	0.23757043047103915
0.3779799639395987
0.6767391295169305
0.35487564360826795
0.42574419106352174
0.6011975598796807
0.9598356050704564
0.34053147370137377
0.3603815436464607
0.6298227963219383
1.0055836509436369
0.2807537219553154
0.5946430171520175
1.0032316654726112
0.32106540297879643
0.7289458094806519
0.4088102168276162
0.7134920634920635	0.22777777777777777	0.05650793650793651	0.0022222222222222222	0.	0.	0.	0.