0.3359477124183007	0.21742919389978213	0.15555555555555556
0.2458126361655773
0.3424836601307189	0.21830065359477124	0.1084967320261438
0.24291372549019602
0.5850980392156864	0.5709803921568628	0.49647058823529416
0.5667074509803922
0.6144857943177271	0.4940376150460177	0.33093237294917976
0.5114576230492193
0.3911492374727664	0.26546840958605616	0.16010348583877956
0.291035375816993
0.6721531887843273
0.33493076064628524
0.4232647946850212
0.6399160186839118
0.9858794189717971
0.34895165631218317
0.4777331540012652
0.6737961751027559
1.01209605505137
0.36325030011357
0.6272340868724539
1.0035931772292415
0.264657047363395
0.6410322254376817
0.3764378142768725
0.9628333333333333	0.03666666666666667	0.0005	0.	0.	0.	0.	0.