0.2915032679738562	0.1803921568627451	0.16339869281045752
0.2116771241830065
0.23758169934640522	0.12058823529411763	0.09477124183006536
0.15262614379084963
0.016993464052287577	0.016013071895424832	0.013071895424836598
0.015970915032679733
0.666746698679472	0.41680672268907526	0.37302921168467373
0.48654813925570206
0.43778966131907293	0.19483065953654186	0.1690730837789661
0.26453903743315504
0.728233652118807
0.3703756775518711
0.5488340595188784
0.7240035128177017
1.0341597334326735
0.36374530454461435
0.4913194148663135
0.6904558485679382
1.0158012590422636
0.4182840377943331
0.6526972150707928
1.0044641045485476
0.23561654226144157
0.587830949276759
0.3522346220797505
0.73625	0.20482142857142857	0.048214285714285716	0.010357142857142856	0.00035714285714285714	0.	0.	0.