0.33856209150326805	0.17342047930283222	0.16601307189542483
0.22195337690631806
0.23747276688453162	0.14291938997821352	0.11633986928104575
0.1681607843137255
0.05577342047930282	0.04749455337690631	0.06187363834422658
0.05160915032679737
0.5070028011204478	0.3584633853541417	0.29379751900760304
0.3955047619047618
0.4434046345811054	0.2330659536541889	0.22170231729055256
0.29466176470588235
0.7144098111927693
0.40827244388561235
0.5146836724729029
0.7315829956669119
1.0384119640307001
0.312341713208884
0.3914243032152665
0.6898851895736837
1.0006541318695314
0.32263028247525816
0.6601891603507101
1.0003416905237887
0.340880215836033
0.6795080919752714
0.34039940198473134
0.9585526315789473	0.04111842105263158	0.0003289473684210526	0.	0.	0.	0.	0.