0.5729847494553377	0.3782135076252723	0.2845315904139433
0.42577037037037035
0.6196078431372548	0.4095860566448802	0.2649237472766885
0.45589106753812636
0.05193277310924367	0.05210084033613443	0.04974789915966384
0.051782352941176446
0.8873149259703881	0.6749099639855947	0.6170468187274911
0.7318226490596241
0.8457918552036192	0.6044947209653089	0.5513876319758669
0.6705883559577673
0.7002144069248584
0.3515773432841576
0.4663628789788942
0.6503598299450003
1.0319798049297322
0.349497118888835
0.5032569214450348
0.6849872840113711
1.058044751194977
0.35325272025419935
0.5861707589131153
1.0020912389653314
0.23304939892408613
0.6491814572982799
0.4161561021012102
0.8061194029850747	0.16522388059701493	0.022686567164179106	0.005373134328358209	0.0005970149253731343	0.	0.	0.