0.3211328976034858	0.1533769063180828	0.0980392156862745
0.19722745098039213
0.477995642701525	0.32854030501089326	0.26318082788671016
0.36577647058823526
0.28014705882352947	0.23259803921568628	0.20049019607843135
0.24315490196078432
0.8196078431372549	0.624809923969588	0.5799919967987195
0.6779452581032414
0.6763538748832865	0.4460550887021471	0.4019841269841267
0.5098903361344534
0.6815781634597743
0.3580538087097451
0.47049578173457246
0.7116751237973983
1.031399003493741
0.3305611008710371
0.44593383324883384
0.6908201096597888
1.0012403413404212
0.35517326308047215
0.6616835752609856
1.0060788552360425
0.306516599100704
0.6510572857408825
0.34476109686083656
0.8057627118644067	0.15915254237288134	0.03152542372881356	0.003559322033898305	0.	0.	0.	0.