0.44400871459694985	0.2601307189542484	0.24793028322440086
0.3137193899782135
0.5080610021786491	0.3276688453159041	0.32287581699346407
0.38105969498910675
0.03137254901960784	0.011764705882352941	0.03529411764705882
0.020309803921568628
0.630652260904362	0.35598239295718287	0.3346138455382153
0.4356726690676271
0.5827601809954751	0.3296078431372552	0.3343740573152339
0.4058437405731525
0.7322485207100593
0.37964687730521646
0.4639858523578052
0.6621712845271294
1.012758142613152
0.3636158204314007
0.48788342508895427
0.667872192225742
0.9982146276806779
0.3684081491175581
0.6190157381901359
1.0000700231077113
0.25143880679398445
0.6333487998587016
0.3819562176788103
0.9788524590163934	0.021147540983606557	0.	0.	0.	0.	0.	0.