0.4153594771241829	0.2895424836601307	0.3062091503267973
0.32906176470588233
0.4762527233115468	0.3237472766884531	0.3263616557734204
0.3696444444444444
0.1588235294117647	0.10457516339869279	0.08758169934640521
0.11885816993464049
0.6541816726690683	0.3614245698279313	0.36518607442977197
0.4493877551020411
0.5865504720406679	0.35882352941176515	0.36363108206245504
0.4274619462599857
0.7080218190096771
0.380727162314392
0.5346806641629729
0.6574321086707893
1.0350177018895999
0.3302082461863418
0.3868167321304178
0.66022346187523
1.0358481943549802
0.3282045277147679
0.5883626746271925
1.0054531141728407
0.2849202175620456
0.6915368001865249
0.41740615854886376
0.9262068965517242	0.04913793103448276	0.013275862068965517	0.009137931034482759	0.0022413793103448275	0.	0.	0.