0.32679738562091504	0.1991285403050109	0.10065359477124182
0.22607538126361654
0.49760348583877995	0.3612200435729847	0.27755991285403053
0.3924614379084967
0.13647058823529412	0.0807843137254902	0.04000000000000001
0.09278509803921568
0.7132452981192478	0.5239695878351339	0.43217286914765873
0.5700981992797118
0.6845353793691383	0.48578005115089523	0.39635123614663287
0.5350130093776639
0.6752097047141998
0.3333389287776175
0.4989428659179765
0.7000516741810341
1.0449440705939141
0.34435672988187827
0.4076308604137895
0.6521619995588819
1.015765067719675
0.3354157095677721
0.6156296931608572
1.002808556006579
0.2849243263816785
0.6730769230769231
0.388271460184288
0.7838718820861678	0.1927437641723356	0.017006802721088437	0.005810657596371882	0.0005668934240362812	0.	0.	0.