0.4601307189542483	0.34771241830065364	0.30849673202614375
0.3768549019607843
0.4352941176470587	0.315359477124183	0.2696078431372549
0.34600424836601307
0.3697167755991285	0.4095860566448801	0.4381263616557734
0.40091873638344216
0.7935974389755904	0.604721888755502	0.5095638255302117
0.6503476590636253
0.8539869281045744	0.5929738562091498	0.5101307189542483
0.661572647058823
0.7181979434097296
0.3576997224195596
0.5646252933245478
0.7263225488743451
1.0379749697370817
0.3651285829871505
0.48919770971541776
0.6733276409870488
1.017716952770821
0.42839609372408205
0.6422636541721032
1.0040667692740826
0.2156003521462058
0.5798288213493326
0.36436583821642143
0.8296363636363636	0.1409090909090909	0.025454545454545455	0.0030909090909090908	0.0009090909090909091	0.	0.	0.