0.34117647058823525	0.28017429193899784	0.21568627450980393
0.2910623093681917
0.3769063180827886	0.265359477124183	0.15816993464052287
0.2864923747276688
0.48986928104575156	0.3895424836601307	0.1915032679738562
0.39696372549019604
0.8547418967587033	0.6102440976390556	0.4885154061624643
0.6694718687474989
0.7492180205415493	0.49038281979458476	0.421988795518207
0.55997762605042
0.6792367929531168
0.3119182502052312
0.429541639990765
0.6369458511774126
1.0027166495504765
0.3722307229969793
0.5186209715697915
0.6727579408057738
1.0382103166921253
0.3700440528634361
0.5998942764994755
1.0019962898813164
0.23285191777534525
0.6331200994034608
0.4022929507437571
0.871	0.11871428571428572	0.010285714285714285	0.	0.	0.	0.	0.