0.11416122004357297	0.04226579520697167	0.00915032679738562
0.059987363834422644
0.12287581699346403	0.037037037037037035	0.01568627450980392
0.060268845315904124
0.06310160427807486	0.04099821746880571	0.017825311942959002
0.04496541889483066
0.4044017607042816	0.1591036414565827	0.05130052020808319
0.2201582232893157
0.23324579831932774	0.07309173669467767	0.017664565826330494
0.11465910364145644
0.7104617375423711
0.3632572830096889
0.4996189899335436
0.7343977304282509
1.0209690441348556
0.3529192583024442
0.4788422802255337
0.7214049765757696
1.0166895346171674
0.38149580339955586
0.6804197301761511
1.0000200286409586
0.2989858199512747
0.6186862073155657
0.3197286072766591
0.9804714989444053	0.01618578465869106	0.003342716396903589	0.	0.	0.	0.	0.