0.3490196078431372	0.26361655773420484	0.2705882352941177
0.2899468409586056
0.285838779956427	0.2174291938997821	0.22091503267973855
0.23828104575163395
0.27535947712418324	0.23230936819172124	0.16398692810457488
0.23739259259259268
0.6254501800720295	0.4176870748299318	0.3786314525810324
0.47535590236094444
0.5756238859180034	0.3518939393939397	0.35848930481283453
0.41954106506238875
0.6729775783206712
0.3470711995007127
0.5168114586243981
0.6675131526396181
1.049421445926654
0.32591135806505417
0.48278546377208037
0.6866421964958663
1.0614950691153664
0.3706712188402053
0.5893568254298416
1.0019512213675874
0.22271577921688043
0.6326825859397821
0.41291485788574184
0.9561818181818181	0.04163636363636364	0.002181818181818182	0.	0.	0.	0.	0.