0.1738562091503268	0.13594771241830064	0.11459694989106754
0.14484836601307188
0.20827886710239651	0.15206971677559913	0.13638344226579519
0.1670880174291939
0.24705882352941178	0.20490196078431372	0.17058823529411765
0.21359509803921567
0.4749899959983989	0.3690276110444176	0.33469387755102026
0.3967963185274107
0.36777777777777765	0.3016666666666667	0.27875816993464025
0.31882232026143786
0.6891730180560192
0.3137785624619491
0.4620498380134115
0.7341110529759558
1.0307684402467299
0.37816845274263106
0.5031160450724804
0.7450803790698945
1.0250080549439446
0.36808565693185274
0.685455623863829
1.0000247963598983
0.3175336163866581
0.6322231306484604
0.31469949758062493
0.8216666666666667	0.1411111111111111	0.020555555555555556	0.012592592592592593	0.004074074074074074	0.	0.	0.