0.306318082788671	0.2056644880174292	0.12897603485838777
0.22701742919389978
0.30196078431372547	0.19782135076252721	0.14814814814814814
0.22329629629629627
0.8754901960784317	0.8362745098039219	0.736151960784314
0.8365860294117651
0.6375350140056026	0.4685874349739892	0.4011204481792715
0.5114115246098437
0.49733893557422965	0.3286647992530345	0.27236227824463094
0.3726798786181138
0.6928547251538896
0.33642675814745027
0.41599832459211616
0.6106318008061006
0.9463112971789205
0.3758583848266093
0.43470585700879383
0.6445849068497823
1.0198009662439662
0.32931510064413627
0.6052812303023032
1.000818269247256
0.2766644149712432
0.674501228744701
0.3989285976710762
0.895483870967742	0.09483870967741935	0.008064516129032258	0.0011290322580645162	0.0004838709677419355	0.	0.	0.