0.493681917211329	0.31895424836601305	0.2579520697167756
0.36424357298474946
0.4318082788671023	0.24531590413943355	0.18518518518518515
0.29422222222222216
0.3345399698340877	0.27450980392156865	0.27370537958773256
0.2923671191553545
0.8008803521408567	0.5437374949979987	0.46298519407763045
0.6114174469787913
0.7532072829131645	0.49691876750700265	0.41648459383753506
0.5643795378151257
0.7111995656903977
0.3525077937044559
0.49379165358273314
0.6614628905397217
1.0327270529125008
0.3607507994351664
0.43780583488323227
0.6567309950999823
1.0398657521520132
0.3295396013097704
0.5820660728778771
1.0004224364632792
0.25703508360896776
0.6750418593660679
0.4186602870813397
0.9256451612903226	0.06564516129032258	0.008709677419354838	0.	0.	0.	0.	0.