0.3246187363834423	0.25882352941176473	0.2623093681917212
0.27889368191721137
0.3908496732026144	0.32374727668845316	0.37037037037037035
0.3491259259259259
0.3189019607843137	0.29537254901960774	0.3653333333333334
0.31038337254901954
0.6781912765106046	0.5122048819527806	0.5215686274509798
0.5629022809123646
0.5667931688804551	0.43295382669196675	0.43124604680581924
0.4727771030993039
0.7089419669752777
0.3522426763886966
0.4706142540266806
0.676594012192626
1.0231719141056033
0.3628799130635351
0.45771617714968826
0.659681536056632
1.014500768418519
0.3467945542496202
0.6134673730217236
1.0021749647649087
0.266683183067857
0.6555092263228449
0.3889346064713095
0.9203013481363996	0.07560137457044673	0.0037007665873645254	0.0003965107057890563	0.	0.	0.	0.