0.4676470588235294	0.32320261437908493	0.2186274509803921
0.3544699346405228
0.5045751633986928	0.3529411764705882	0.27058823529411763
0.3888915032679738
0.057435897435897415	0.057435897435897415	0.06527903469079942
0.05833001508295624
0.7344537815126053	0.5622248899559822	0.4275310124049616
0.5983662264905961
0.5322423706324632	0.3347191508182218	0.2789621111602532
0.38742229102167147
0.70082147034126
0.3681914238219308
0.5209815833940572
0.6991507349823405
1.0258024501418221
0.3347725517855284
0.4708213263560282
0.7456878596858161
1.06116859015932
0.37785404321073834
0.6609181171393133
1.0114132889865841
0.29251169583229586
0.6377603590620903
0.35131895996616613
0.9126262626262627	0.08653198653198653	0.0008417508417508417	0.	0.	0.	0.	0.