0.20217864923747275	0.0801742919389978	0.032679738562091505
0.11123921568627448
0.23137254901960785	0.10849673202614378	0.07973856209150325
0.1419581699346405
0.15406162464985998	0.09337068160597574	0.046872082166199806
0.10621643323996267
0.45170068027210836	0.23353341336534586	0.1653461384553822
0.29099207683073197
0.3564705882352941	0.20762923351158644	0.17600713012477723
0.24852787878787877
0.6698431626724323
0.3331115725458305
0.4658118877441183
0.6791486995936963
1.0418037796539108
0.3367490819431735
0.473621860966494
0.690004264268315
1.0719627109515066
0.32691258780758214
0.5946267233435109
1.0000228266204076
0.2677211972836777
0.6734007329392719
0.4060635829136601
0.8828571428571429	0.08375	0.02	0.012142857142857143	0.00125	0.	0.	0.