0.25446623093681914	0.2095860566448802	0.2318082788671024
0.22553856209150325
0.21525054466230936	0.1568627450980392	0.2152505446623094
0.18097690631808275
0.2748424369747902	0.2151960784313729	0.23475140056022453
0.23525964635854374
0.6577831132452986	0.44497799119647813	0.40592236894757877
0.5041543817527009
0.5678302090066792	0.3451411333764275	0.30840336134453783
0.4075370609782374
0.7048653407219267
0.3451612885812742
0.4804473666610381
0.6573765553014517
1.0146795241654372
0.3675651145594501
0.4829817787349614
0.6526098434530387
1.006626643045868
0.38126423189477066
0.6050415117253553
1.0001672971301658
0.22377767556163858
0.6189046905989192
0.39513349583360774
0.9114478114478114	0.08821548821548822	0.0003367003367003367	0.	0.	0.	0.	0.