0.4392156862745098	0.3516339869281046	0.3455337690631808
0.37712549019607844
0.4056644880174292	0.31895424836601305	0.2893246187363835
0.3415028322440087
0.45583566760037353	0.3477124183006536	0.2470588235294118
0.36856676003734823
0.7626250500200085	0.6208083233293318	0.5603041216486593
0.6563140456182475
0.669411764705882	0.532156862745098	0.4757703081232497
0.5667680112044817
0.6816726619856557
0.3582944610045578
0.47173633980744095
0.6112009019919399
1.005814893428382
0.328976838052698
0.43242853002908865
0.6430839871062531
1.029911686686612
0.34042553191489366
0.5713008847593871
1.0035192430448727
0.23595332608437788
0.6648979997797446
0.4326903829227555
0.7821153846153847	0.15365384615384614	0.039615384615384615	0.023653846153846154	0.0009615384615384616	0.	0.	0.