0.5664488017429193	0.39433551198257083	0.2888888888888888
0.43377647058823526
0.5655773420479303	0.40130718954248357	0.2862745098039215
0.4373102396514161
0.9067226890756293	0.8865546218487389	0.7883286647992528
0.8813871148459377
0.7105242096838742	0.484993997599039	0.37807122849139657
0.5402383353341335
0.6676143790849667	0.4662745098039216	0.37771241830065355
0.5163790522875815
0.686024254035567
0.344602350724641
0.5490640915743429
0.6698679427058326
1.0158087718279594
0.34659093578128813
0.48864360666049655
0.6640278292254232
1.0207191675584184
0.4324990929599793
0.6141830645925637
1.0009331113670281
0.1884739578411904
0.5733961929874872
0.38698390845236397
0.9389830508474576	0.044576271186440676	0.011186440677966102	0.004576271186440678	0.0006779661016949153	0.	0.	0.