0.34117647058823525	0.15642701525054467	0.15424836601307187
0.21141873638344222
0.35250544662309363	0.16296296296296295	0.1559912854030501
0.21884139433551197
0.9632897603485838	0.9103485838779958	0.9283224400871459
0.9282270152505447
0.7633453381352542	0.537334933973589	0.5807923169267706
0.6098661864745896
0.5293552036199095	0.3105580693815988	0.30829562594268484
0.3757204939668175
0.6589602040381464
0.36130627795756426
0.46494378899577116
0.6626533558788567
0.9999455957011641
0.3106719815888646
0.3792049078985314
0.6205241960049565
0.9822626226973724
0.32846749834584094
0.6152076883651746
1.000019051792299
0.2881792595364597
0.6734385836306805
0.38526894525845656
0.9165714285714286	0.08128571428571428	0.002142857142857143	0.	0.	0.	0.	0.