0.44281045751633985	0.3477124183006536	0.3983660130718954
0.3819212418300653
0.4427015250544662	0.3485838779956426	0.38387799564270153
0.38074858387799554
0.263834422657952	0.2703703703703703	0.306318082788671
0.2725141612200435
0.7500600240096043	0.5677470988395357	0.5173269307723084
0.6165107643057223
0.5566903684550742	0.37946563240680875	0.39364361129067005
0.4340721180780003
0.6817882746039511
0.3277983815388305
0.38138944600025426
0.6478793826669441
1.0051744368862792
0.356552406463148
0.4804594853700529
0.6842399265868369
1.0534761589178396
0.29433458448565175
0.6013249651634001
1.0000660567428141
0.3117711750863558
0.7080655857781464
0.3991552033046607
0.9083870967741936	0.07580645161290323	0.015	0.0008064516129032258	0.	0.	0.	0.