0.3468409586056645	0.2858387799564271	0.26840958605664483
0.3020915032679739
0.3237472766884531	0.265359477124183	0.2910675381263617
0.28574814814814814
0.24027777777777765	0.24558823529411758	0.22295751633986907
0.24142050653594757
0.8568227290916366	0.6063225290116044	0.5182072829131645
0.6711769507803118
0.6774007038712917	0.403720462543992	0.36349924585218685
0.4809656359979888
0.685416886948631
0.35672967548248524
0.4550710409847268
0.6933814337270224
1.029811774435358
0.33185350549592835
0.4314081862047914
0.684730968329937
1.0231577607587605
0.3138936014614315
0.6307082813259608
1.0005005957402475
0.3168846424012495
0.6866370830477314
0.3698027331296655
0.8762711864406779	0.09847457627118644	0.01728813559322034	0.006779661016949152	0.0011864406779661016	0.	0.	0.