0.2496732026143791	0.18562091503267975	0.14509803921568626
0.2001529411764706
0.2117647058823529	0.16437908496732026	0.15718954248366013
0.17772777777777776
0.14679738562091502	0.136078431372549	0.11581699346405229
0.1369735947712418
0.5363745498199275	0.36638655462184877	0.3931172468987594
0.42026026410564216
0.4237660581473969	0.27868492224475977	0.30106490872210945
0.3246155003380661
0.6530889680143919
0.31425974322926054
0.44166908417492673
0.66911495205183
1.0303951773188207
0.34028724110204966
0.4543781932213233
0.6666051629912192
1.0333887024353796
0.32853234303001816
0.6045973490018008
1.0007003752868584
0.27612263942341725
0.6721737977681279
0.39633719707989024
0.9690847872666054	0.03091521273339455	0.	0.	0.	0.	0.	0.