0.3847494553376906	0.29063180827886714	0.2348583877995643
0.3124148148148148
0.5403050108932461	0.4104575163398692	0.3424836601307189
0.44153289760348574
0.09007724301841949	0.07522281639928695	0.09031491384432563
0.08138478906714197
0.8496998799519805	0.7238895558223293	0.6391356542617049
0.7518448979591836
0.7271744595274	0.5460030165912516	0.45857214680744085
0.5902061588738055
0.6814298154470427
0.40235876854275987
0.5397368697543514
0.7068351522228425
1.0261981434614147
0.2814615138297972
0.43828280939623804
0.6952830362047013
1.0339474282803904
0.3751741092411601
0.6425732570104361
1.0027553875930753
0.2726354892759839
0.6308501714159315
0.36019465090887637
0.8484375	0.11421875	0.02578125	0.01125	0.0003125	0.	0.	0.