0.3773420479302832	0.25708061002178645	0.21176470588235294
0.28787276688453156
0.21263616557734208	0.1233115468409586	0.08627450980392157
0.14579738562091504
0.15137254901960787	0.11594771241830068	0.10130718954248372
0.12487071895424838
0.744777911164466	0.530692276910764	0.4396158463385351
0.5843211684673867
0.7152214960058091	0.5005664488017428	0.4382716049382718
0.557646695715323
0.6333229090978034
0.31552496481936826
0.43648437997100586
0.6104603676106932
1.0174908506986446
0.32217214142768114
0.4236306185995745
0.6505301451101945
1.0097554597714677
0.32843137254901966
0.5825408818971471
1.0002215820988862
0.257810099643665
0.671898530042143
0.42195461101582354
0.86	0.11878787878787879	0.02	0.0012121212121212121	0.	0.	0.	0.