0.3089324618736383	0.19738562091503264	0.159041394335512
0.22636688453159037
0.3875816993464052	0.2503267973856209	0.2091503267973856
0.28667189542483656
0.005228758169934632	0.003034547152194208	0.005602240896358534
0.0039833333333333274
0.7235694277711087	0.4821128451380549	0.3760704281712684
0.5422195278111243
0.5965057817998989	0.3518350930115637	0.32549019607843144
0.42198831070889886
0.6608332105297732
0.3591386842401993
0.4601989678616972
0.6996555470244497
1.0291780565211124
0.3066645000818206
0.4324876321061462
0.6813804906199408
1.002123256385854
0.3403737370069764
0.6466145049408376
1.0001825465255305
0.3062868617976477
0.660177667412299
0.35420938762805315
0.8247422680412371	0.1370423035904728	0.029505865623889085	0.0076430856736580165	0.001066477070742979	0.	0.	0.