0.3311546840958606	0.23485838779956425	0.2540305010893246
0.26583660130718956
0.36470588235294116	0.25969498910675376	0.27799564270152505
0.29317952069716774
0.28823529411764703	0.24313725490196078	0.2549019607843137
0.2579627450980392
0.5035614245698274	0.3263705482192877	0.3378151260504201
0.3806553021208482
0.4148078431372546	0.2598588235294113	0.27366274509803884
0.30776222745098
0.6551502561092125
0.28790792366910206
0.3721743295111051
0.6441109926534793
1.0262837421737856
0.3709682931057532
0.5468477183420045
0.665429948446498
1.0155028537224144
0.35460441583586855
0.6016893418962239
1.0031948963187562
0.2753283229535724
0.6708204484384943
0.4019528810361727
0.8732545649838883	0.11331901181525242	0.01342642320085929	0.	0.	0.	0.	0.