0.4840958605664487	0.3520697167755991	0.32592592592592595
0.3885651416122004
0.45294117647058824	0.33169934640522875	0.31111111111111106
0.3656035947712418
0.49424214130096433	0.48857765328353525	0.5099284158107684
0.4927053221288511
0.6397759103641458	0.4965186074429765	0.4681872749099634
0.5361227691076427
0.5326572008113589	0.40507099391480733	0.39168356997971626
0.4416931034482759
0.7374167742187028
0.4205375478533529
0.4432414182178164
0.6224308840178158
0.9805104271124713
0.3412538738209203
0.42011479577484245
0.6360717471984955
0.9881952374507931
0.3205901624064686
0.6071346206776064
1.008968387231306
0.28654488173416215
0.6886633003047488
0.40281785280523696
0.9142105263157895	0.0856140350877193	0.00017543859649122806	0.	0.	0.	0.	0.