0.39564270152505443	0.30196078431372547	0.24705882352941178
0.32371285403050104
0.4252723311546841	0.33856209150326794	0.2801742919389978
0.35783224400871455
0.5336898395721932	0.43511586452762885	0.31613190730837765
0.4510253119429589
0.7834333733493402	0.5272509003601435	0.4072028811524608
0.5901639855942376
0.655301379811183	0.38534858387799603	0.3237472766884534
0.4590419208424111
0.690422521950875
0.38250662978163064
0.4506445391867234
0.6589608527949169
1.0605528810809608
0.3099936603174997
0.4125022048900487
0.6533399319146052
1.00885265279505
0.28554026027012364
0.5854565311699983
1.0001779834489488
0.2999395667403316
0.7160787901680304
0.4209262521992551
0.9496610169491525	0.047966101694915254	0.0023728813559322033	0.	0.	0.	0.	0.