0.20174291938997818	0.10196078431372549	0.0954248366013072
0.13105054466230937
0.22135076252723307	0.09411764705882353	0.0906318082788671
0.13176296296296294
0.1939950980392157	0.20147058823529415	0.23051470588235295
0.20254644607843136
0.7635854341736696	0.5178071228491395	0.5130052020808323
0.5907474189675871
0.6546048722519309	0.3882055852644086	0.39863339275103976
0.4690477421271537
0.7222092135100985
0.3502108521944939
0.49950052119185095
0.7410204440860586
1.0440148259209874
0.37425199188657987
0.5400522879435052
0.7278911498836435
1.0349412685662405
0.4021681540849462
0.6684645514838301
1.0035110060333015
0.26955558193671175
0.602875238438168
0.3352153110745661
0.9013793103448275	0.08206896551724138	0.009655172413793104	0.004482758620689655	0.002413793103448276	0.	0.	0.