0.5821350762527233	0.3498910675381263	0.28409586056644875
0.4118313725490195
0.6039215686274508	0.3930283224400871	0.30152505446623096
0.44565403050108926
0.6403485838779959	0.4266666666666669	0.3073638344226581
0.47695703703703723
0.9676670668267302	0.7298119247699083	0.6229691876750705
0.7887505402160865
0.8500367647058815	0.6279656862745097	0.5424509803921569
0.6846162622549016
0.6998506688843081
0.35472617739126894
0.4245023126065423
0.6072963286712699
1.0077823608079584
0.35192741833622304
0.4464820187414077
0.6482302494575566
1.023525169980605
0.3083906996274942
0.5704820294185322
1.0024307935931305
0.262199294900513
0.6941764798820226
0.433153055449377
0.891774193548387	0.10548387096774194	0.0027419354838709676	0.	0.	0.	0.	0.