0.45359477124183	0.31111111111111106	0.244880174291939
0.3461633986928104
0.40784313725490184	0.25403050108932457	0.18431372549019606
0.2920727668845315
0.20347338935574236	0.1830812324929973	0.15495798319327736
0.18597243697479
0.8732292917166863	0.5822328931572631	0.46018407362945146
0.65532725090036
0.7616393925991445	0.5121037888839741	0.45124576146247963
0.5797771192687596
0.7224137931034482
0.361297970103683
0.47669127063491284
0.7102007684504154
1.0337566769554056
0.3664325944410762
0.4593936593008549
0.7093233328214773
1.0112209695778531
0.3417418810101358
0.6548871272066354
1.0005943536928903
0.3135853127218706
0.6588615151126005
0.3465145023424827
0.8404131267699484	0.11360986173579876	0.024154589371980676	0.01899050474762619	0.00283191737464601	0.	0.	0.