0.5459694989106753	0.37254901960784315	0.3076252723311547
0.4170004357298474
0.3224400871459695	0.18562091503267975	0.11416122004357299
0.2183834422657952
0.11241830065359476	0.10305010893246189	0.10522875816993464
0.10609956427015249
0.8483393357342934	0.5524609843937575	0.45626250500200044
0.6299619847939175
0.7259448707019033	0.46732973382589793	0.3707682106659092
0.5336476461115848
0.7197995482104939
0.36697339498567777
0.5499293388030672
0.7269765128096716
1.0496685586249632
0.3631956908461206
0.4031501308835009
0.6809339314441343
0.9851804234198076
0.37925347566803386
0.666465862954924
1.0130629629184493
0.30250281907053506
0.6420578739070042
0.3471330092558902
0.8766071428571428	0.11303571428571428	0.009464285714285715	0.0005357142857142857	0.00035714285714285714	0.	0.	0.