0.1337690631808279	0.08191721132897603	0.0832244008714597
0.09756993464052288
0.30980392156862746	0.21002178649237474	0.1625272331154684
0.234442265795207
0.13888888888888887	0.1259803921568627	0.09199346405228756
0.12596552287581697
0.5810324129651864	0.4040016006402559	0.4055222088835532
0.45710716286514597
0.38778966131907283	0.241414141414141	0.24735591206179403
0.285857783719548
0.6942746949063453
0.34674074125602655
0.4915166461971026
0.68159843310464
1.0348261143146602
0.34990213194145237
0.4962310996136612
0.7170589893004685
1.0408933883589084
0.3799855623489574
0.6359088394722443
1.006770710416243
0.257056312866448
0.6267875097640996
0.3727046873969283
0.9098769537745262	0.07864981709344862	0.010808114399733955	0.0006651147322913202	0.	0.	0.	0.