0.3620915032679738	0.2335511982570806	0.23921568627450984
0.2726305010893246
0.31328976034858386	0.16383442265795206	0.2082788671023965
0.21358823529411763
0.44603921568627447	0.4047843137254901	0.36439215686274523
0.41251482352941177
0.638335334133654	0.4175270108043214	0.4166466586634651
0.48344833933573417
0.5995061728395057	0.39504720406681226	0.4047204066811913
0.45728318082788677
0.6695615562731865
0.3500021245792574
0.4804779650708891
0.6387323354676371
1.0293242505813247
0.3224838023264202
0.40607683059287814
0.6680487558896719
1.0318723916422157
0.32199914897856574
0.5933846502254794
1.0061539042374907
0.2827552671258117
0.6880125433682954
0.41486669732202175
0.9451665919617511	0.053339309726580006	0.0014940983116689078	0.	0.	0.	0.	0.