0.4980392156862744	0.2910675381263617	0.13899782135076252
0.3356161220043573
0.45141612200435727	0.29629629629629634	0.18257080610021786
0.3297124183006536
0.5569561157796452	0.45975723622782433	0.3450046685340805
0.475737908496732
0.7486194477791123	0.49859943977590987	0.4096838735494195
0.5632190476190475
0.6717385620915026	0.4319215686274512	0.3278431372549019
0.49176190849673196
0.7048523948441947
0.36471096159415634
0.49351389188070677
0.6593453448355783
1.0308533237579507
0.3433741326282235
0.39931891287784255
0.642462525488773
1.0290065962987969
0.3092295753344295
0.5808800563571458
1.0015612210151608
0.27902925053336053
0.6985231652123278
0.4208670115637862
0.8868344461564801	0.09929806539976031	0.01386748844375963	0.	0.	0.	0.	0.