0.17298474945533768	0.17298474945533768	0.17298474945533768
0.17298474945533768
0.20435729847494552	0.20435729847494552	0.20435729847494552
0.20435729847494552
0.774640522875817	0.774640522875817	0.774640522875817
0.7746405228758169
0.5722288915566226	0.5722288915566226	0.5722288915566226
0.5722288915566226
0.3021350762527228	0.3021350762527228	0.3021350762527228
0.30213507625272273
0.6611323140426209
0.34454655291385455
0.4635301273012812
0.7382118641237352
1.0239140910496232
0.3184277612284594
0.46688092803071946
0.7408455352959065
1.0371163663362197
0.35233455164069
0.6863912147965872
1.001102945649416
0.33420876191535376
0.6487968475976976
0.3148268614830083
0.8210526315789474	0.1392982456140351	0.03666666666666667	0.0029824561403508773	0.	0.	0.	0.