0.3442265795206972	0.24531590413943355	0.17690631808278867
0.2670915032679739
0.38627450980392153	0.28137254901960784	0.2323529411764706
0.30715
0.16568627450980392	0.09509803921568627	0.060784313725490195
0.11229215686274507
0.7647058823529416	0.5994397759103642	0.5366946778711479
0.6417014005602241
0.679411764705882	0.5278050108932462	0.47235838779956424
0.5668145152505446
0.6904110092862795
0.3361653456820382
0.46912693405836803
0.6686683526315059
1.0188320955912464
0.3602979609332125
0.4860892181522046
0.6493487124267011
1.011672594623195
0.3757459993788377
0.6076928401937791
1.0007489391080615
0.23313655736174932
0.6251422238153985
0.39364971313246283
0.8740471869328493	0.11125226860254084	0.014519056261343012	0.00018148820326678765	0.	0.	0.	0.