0.30065359477124187	0.1847494553376906	0.14727668845315908
0.21513289760348583
0.3298474945533769	0.21830065359477124	0.16601307189542486
0.2456923747276688
0.11538126361655768	0.12026143790849678	0.11050108932461869
0.11768958605664487
0.4765106042416963	0.3098039215686277	0.2456182472989194
0.35233205282112845
0.4400693610777643	0.29494464452447633	0.2516473255969052
0.3334010404161663
0.7511441890376209
0.33148626671490555
0.3738628083478368
0.6477066409724325
1.0339889826378024
0.4232880964216749
0.5617301687149282
0.6797183012431998
1.0406003295412118
0.3147997764639405
0.5836962698772007
1.004251318176467
0.29058003879905137
0.7051521694700454
0.4205825388896754
0.9425490196078431	0.047058823529411764	0.010392156862745097	0.	0.	0.	0.	0.