0.37777777777777777	0.32287581699346407	0.3603485838779957
0.34356339869281044
0.41917211328976034	0.33551198257080606	0.3559912854030501
0.3628610021786492
0.5058823529411764	0.47058823529411764	0.47843137254901963
0.48203529411764706
0.7433373349339737	0.5374949979991994	0.5636654661864745
0.6020252901160462
0.68578431372549	0.5507885763000852	0.5725063938618924
0.5936281329923272
0.6571592702296805
0.32495290269310156
0.4234708844835891
0.5910617581012202
1.011189438837354
0.33802875999002796
0.44808359160810823
0.6153284833909252
1.0161883027760474
0.33001660472182653
0.549551612696841
1.0027582486253939
0.2195353735764339
0.6729394431945833
0.4536635085503591
0.8287878787878787	0.13602693602693602	0.021043771043771045	0.010774410774410775	0.003367003367003367	0.	0.	0.