0.6082788671023965	0.4183006535947712	0.3686274509803921
0.4694413943355119
0.6139433551198257	0.44357298474945533	0.3799564270152505
0.48726143790849674
0.6133333333333333	0.4	0.30666666666666664
0.45314666666666664
0.8785914365746299	0.6992396958783514	0.6204081632653067
0.7438790716286516
0.7497067202949552	0.5774258421317245	0.538226914697503
0.6244691469750292
0.6919359807414734
0.35670709744722046
0.45727206474120946
0.6488465691247426
1.0619213068318463
0.33713581857607966
0.38562528641181176
0.6288250862601172
1.0135441198098387
0.26722508817642177
0.5625797915834851
1.0036252727071637
0.2984991824106361
0.73715404380105
0.44246529163332615
0.9165439371624938	0.07789232531500573	0.005563737522500409	0.	0.	0.	0.	0.