0.2915032679738561	0.15337690631808273	0.15642701525054464
0.19502440087145964
0.27494553376906317	0.1847494553376906	0.17124183006535948
0.21017821350762522
0.4498910675381264	0.4647058823529412	0.48965141612200425
0.4631200435729847
0.6440976390556226	0.47579031612645	0.4247298919567824
0.5202933173269305
0.4786778711484594	0.3005938375350139	0.2825994397759103
0.35178960224089634
0.7133522379609273
0.35316825878250496
0.43873136959710335
0.6831792069858553
1.0010253670448594
0.3684546730921965
0.48650779006375666
0.7071783682919123
1.0215801416164325
0.3491884625682055
0.6510127407228975
1.000611090119486
0.30250639559170556
0.6519712060387333
0.3496049123507929
0.9609090909090909	0.038363636363636364	0.0007272727272727272	0.	0.	0.	0.	0.