0.4366013071895425	0.2605664488017429	0.23660130718954248
0.3104688453159041
0.26187363834422656	0.15206971677559913	0.14074074074074075
0.18360958605664487
0.0951633986928105	0.07869281045751639	0.17516339869281056
0.09461516339869286
0.7012404961984793	0.31252501000400157	0.24977991196478594
0.4215979991996798
0.6583778966131902	0.2880867498514555	0.25297088532382617
0.3948005941770644
0.6880886645590454
0.3517449214927179
0.415762372564868
0.6605832070520703
0.9816947029478761
0.3686957762760336
0.4080323559276627
0.6171042129075236
0.9550321968137261
0.3334404388566927
0.6457949362265383
1.0122716421746785
0.31279644193382855
0.6788383156253184
0.36730391661369927
0.7697855750487329	0.15808966861598442	0.05516569200779727	0.013060428849902534	0.003898635477582846	0.	0.	0.