0.23093681917211328	0.12156862745098038	0.06100217864923747
0.1473651416122004
0.33769063180827885	0.23398692810457516	0.18126361655773418
0.2589838779956427
0.1764705882352941	0.14468211527035052	0.11319073083778967
0.15059685086155672
0.9038815526210481	0.7709483793517409	0.6878751500600243
0.8012250500200081
0.8511776308156387	0.6416057547279262	0.5817264183780015
0.6974415013342609
0.6734415663129187
0.35378116140546645
0.44383527846276677
0.7037128052731921
1.057618897425015
0.32248726497738966
0.4197681356838665
0.6517652383329364
1.0162555516416245
0.3009967344666444
0.618355450962128
1.0108822816185676
0.31841593297509474
0.7103875600825055
0.39263564677654217
0.8199909543193126	0.1248303934871099	0.049600482436303335	0.005578169757274235	0.	0.	0.	0.