0.35119825708061003	0.19564270152505445	0.1233115468409586
0.23390806100217865
0.4283224400871459	0.2710239651416122	0.19477124183006533
0.30936339869281043
0.1984023238925199	0.12854030501089328	0.10254175744371818
0.14646521423384168
0.8547418967587033	0.6665866346538618	0.5801520608243295
0.7129915166066427
0.7031999999999993	0.49956078431372514	0.429898039215686
0.5525073568627447
0.7069395461908328
0.38496062667743325
0.4700274384811674
0.6630995363531423
1.0331278360226188
0.32416284682053476
0.4308489213545113
0.6683126675596606
1.0349927781149013
0.3065250953300053
0.592858285189565
1.0000225212544367
0.2868846224746764
0.6935483870967742
0.40767605880469754
0.8276785714285714	0.15678571428571428	0.015535714285714286	0.	0.	0.	0.	0.