0.4980392156862744	0.3603485838779956	0.31372549019607837
0.3962030501089324
0.45795206971677554	0.3525054466230937	0.3045751633986928
0.37856993464052285
0.611764705882353	0.5735294117647058	0.5029411764705882
0.5769147058823529
0.7845538215286118	0.5068427370948372	0.39895958383353325
0.5775796718687471
0.7011111111111106	0.4059803921568626	0.3526470588235293
0.48814447712418274
0.7069804463047183
0.3675599962534865
0.49706601130762096
0.6675910415259252
1.0030474030938654
0.3445618895233777
0.4982556595509708
0.7195398756827084
1.0459834350642567
0.3931833537779689
0.6408551853154931
1.005225358293374
0.24988763603833972
0.6126082960693352
0.3648903672497327
0.8243197278911565	0.14523809523809525	0.02534013605442177	0.00510204081632653	0.	0.	0.	0.