0.5241830065359477	0.29106753812636166	0.1708061002178649
0.3470592592592593
0.6217864923747276	0.3869281045751634	0.23572984749455336
0.43991416122004356
0.4444444444444445	0.3444444444444444	0.22222222222222215
0.360411111111111
0.9024409763905559	0.5853541416566624	0.3837535014005601
0.6571806322529008
0.86457191572281	0.5589087809036659	0.37963707222019233
0.629865083424674
0.6793825432290941
0.33595747042446483
0.5416074552645671
0.706580499810736
1.0349269578431362
0.34459736169388
0.5056940520022377
0.7029933587252206
1.0396366533030483
0.4191513150359507
0.6375273887555257
1.0000262546437946
0.2208527446030549
0.5831384054746105
0.36270975553116525
0.8117664319248826	0.1437793427230047	0.03433098591549296	0.007629107981220657	0.002494131455399061	0.	0.	0.