0.43965141612200426	0.31808278867102396	0.28235294117647053
0.35035860566448795
0.42222222222222217	0.2810457516339869	0.25403050108932457
0.3201777777777777
0.2599881164587049	0.1879500891265593	0.15679144385026705
0.20593737373737353
0.8455382152861145	0.5799119647859143	0.45314125650260056
0.6448823529411764
0.7628431372549012	0.4153594771241831	0.37977124183006505
0.5152000326797384
0.6935483870967742
0.34214767875746577
0.5384370393458264
0.7327037403445198
1.0519408113564694
0.35181926136004793
0.4743776052397779
0.7311754360297172
1.0423263379781231
0.3830115650649128
0.6566582000725079
1.0001872873524627
0.2807643606133655
0.6213198897042418
0.34361584596964123
0.9003448275862069	0.08931034482758621	0.00896551724137931	0.001379310344827586	0.	0.	0.	0.