0.5808278867102397	0.37995642701525045	0.27799564270152505
0.4283934640522875
0.5895424836601307	0.3934640522875817	0.29106753812636166
0.4404183006535948
0.6553921568627451	0.5357843137254901	0.3730392156862745
0.5529941176470587
0.8721088435374146	0.5864745898359347	0.4746698679471783
0.659133493397359
0.7360187553282183	0.44833759590792815	0.38580562659846507
0.5272256180733161
0.6694126100604213
0.30200021591352727
0.37898644247101704
0.6285207946602496
0.956512327661763
0.38436167849547115
0.509900330907842
0.6874422537938367
1.018275240661625
0.3647281591580098
0.6397031281244844
1.001384083707392
0.2790425704233952
0.6382248642161
0.3622033555062276
0.8978947368421053	0.09385964912280702	0.007192982456140351	0.0010526315789473684	0.	0.	0.	0.