0.2666666666666667	0.14248366013071895	0.11416122004357297
0.17638562091503268
0.34673202614379084	0.21797385620915027	0.18496732026143792
0.2527098039215686
0.4299019607843134	0.32177871148459386	0.3492296918767505
0.35723697478991584
0.7056422569027614	0.534773909563825	0.4926770708283306
0.5810645058023205
0.4410620915032677	0.29519607843137263	0.27388888888888885
0.3363809967320261
0.6649411522481944
0.3543456140194405
0.39793282287595555
0.6830959762915083
1.0153977308585667
0.31820004411185765
0.4127462484197277
0.6671949702548416
1.0083368704751532
0.2834813982983634
0.6377958150857627
1.0060128626325564
0.3565193240293195
0.7240918392173981
0.36823200285754565
0.8847619047619047	0.09904761904761905	0.015714285714285715	0.0004761904761904762	0.	0.	0.	0.