0.3875816993464053	0.18267973856209146	0.07712418300653595
0.23191209150326797
0.23572984749455336	0.12374727668845316	0.03572984749455337
0.14719607843137253
0.952069716775599	0.8313725490196081	0.7447712418300657
0.8575884531590415
0.5651060424169664	0.36630652260904345	0.286674669867947
0.4166695478191274
0.4198801742919388	0.27480029048656496	0.21089324618736366
0.3108937726942628
0.6447878852490563
0.32769265203197256
0.5555804207894512
0.653862299367779
1.0213108482957045
0.31919503255913334
0.5224792112129765
0.6742657012688225
1.0327711331281493
0.4580562819479557
0.6068274894983936
1.001264972636801
0.15660312860125272
0.5454908033636854
0.39472054234620807
0.8426150121065376	0.13524731926668973	0.020754064337599448	0.0013836042891732965	0.	0.	0.	0.