0.5132897603485838	0.32766884531590407	0.2958605664488017
0.3795433551198256
0.5625272331154684	0.3525054466230937	0.33507625272331154
0.41331503267973857
0.7148459383753503	0.5154061624649859	0.48235294117647054
0.5712705882352941
0.714045618247299	0.5006802721088435	0.48243297318927564
0.5623963185274109
0.6944971537001896	0.45547122074636315	0.4199873497786212
0.5228948134092346
0.6627226376857871
0.3177904866401309
0.384879368927777
0.6612423825443826
1.0025011972770048
0.35443187397074677
0.5209514550672341
0.6548638863017796
1.0020521560948557
0.3660437563330785
0.6252269284646093
1.0023216850545429
0.28424870965287363
0.6505155186857732
0.3774487019251274
0.9140625	0.08454861111111112	0.001388888888888889	0.	0.	0.	0.	0.