0.31143790849673203	0.2591503267973856	0.22450980392156863
0.27083529411764706
0.2867102396514161	0.23311546840958605	0.22309368191721132
0.2479978213507625
0.7999999999999998	0.7259259259259259	0.7381263616557734
0.7494649237472766
0.5881552621048416	0.4432973189275705	0.4460984393757498
0.48692917166866695
0.40921357790428	0.3081804764916719	0.2864642631246044
0.335913725490196
0.6755907241512907
0.32034447900015633
0.3992237908454926
0.6196294981981901
1.015899034066111
0.36391001053994537
0.408729733628658
0.5782035500559202
0.9970464074247845
0.27618823216042065
0.5509385195126235
1.0031368113198051
0.27537611590961353
0.7269651403010172
0.45417149642116056
0.9547138047138047	0.04410774410774411	0.0011784511784511784	0.	0.	0.	0.	0.