0.134640522875817	0.09542483660130718	0.023529411764705885
0.09895424836601306
0.1764705882352941	0.11372549019607842	0.03790849673202614
0.12384313725490194
0.057598039215686264	0.05727124183006535	0.05661764705882352
0.05729444444444443
0.48427370948379306	0.3022008803521407	0.16390556222488992
0.34087498999599813
0.3959967320261437	0.23905228758169894	0.15234204793028294
0.2760937091503265
0.7121759146546078
0.3564678648106437
0.49293353108353466
0.7419822622262938
1.0713833463941598
0.36402228959219585
0.47504020550794485
0.6795530371740016
0.9911323954855306
0.38258488095550003
0.6706030001645086
1.023295995932193
0.28946041387046506
0.6424624222387794
0.35303654697103226
0.9492982456140351	0.04894736842105263	0.0017543859649122807	0.	0.	0.	0.	0.