0.33202614379084966	0.2209150326797385	0.14771241830065357
0.24579215686274505
0.5220043572984748	0.420479302832244	0.36993464052287583
0.445073202614379
0.2313725490196076	0.1789215686274508	0.13343137254901952
0.1894185294117645
0.8120048019207684	0.575670268107243	0.43513405362144847
0.6303131652661065
0.634973262032085	0.41120617944147386	0.30582293523470055
0.4660988472964944
0.6835373163745704
0.33551170863146057
0.4702002999129535
0.6311883102284617
1.0096130358356872
0.3551896802025751
0.4513209667722869
0.6303076427861064
1.011898131250839
0.35921078187014266
0.579819514493175
1.0008278077187318
0.2215455062309674
0.6425133517252652
0.421107386485512
0.8253225806451613	0.16370967741935483	0.010483870967741936	0.0004838709677419355	0.	0.	0.	0.