0.33159041394335503	0.14335511982570806	0.09455337690631808
0.19407407407407407
0.35947712418300654	0.21568627450980393	0.14248366013071892
0.2503346405228758
0.12728758169934634	0.07426470588235301	0.038071895424836626
0.08599256535947715
0.7863945578231294	0.3768707482993197	0.2545018007202879
0.4853683073229291
0.6187759952465834	0.2881758764111709	0.19481580510992302
0.376382263814617
0.7130549312251274
0.37799900436215567
0.48429485066236116
0.6842803817072056
1.0664674199413342
0.3362283676397238
0.3754330164363173
0.65418392912485
1.0228095684959475
0.2616001063024456
0.5863162255398341
1.0014170136126261
0.33063872036842035
0.7427420169227441
0.41575790650366984
0.939016393442623	0.06081967213114754	0.0001639344262295082	0.	0.	0.	0.	0.