0.3803921568627451	0.2623093681917211	0.2008714596949891
0.29061220043572983
0.37472766884531583	0.2797385620915033	0.21350762527233114
0.3005899782135076
0.2011051693404632	0.1908021390374329	0.2470588235294115
0.20029600713012452
0.9015606242497	0.7394957983193281	0.6259303721488595
0.7750067226890758
0.7175625422582821	0.4500338066260984	0.393864097363083
0.5236215517241375
0.695327631161082
0.3344675758845155
0.40315417439326495
0.6307321016229739
0.9882226683111516
0.3744444598198524
0.4054960768189562
0.6141722063753982
0.9998063668426008
0.27601671538471745
0.5861654106732483
1.0000542520005824
0.3101691703738143
0.7248454943931877
0.4161247684152521
0.7793333333333333	0.20013333333333333	0.02	0.0005333333333333334	0.	0.	0.	0.