0.12745098039215685	0.08300653594771241	0.0673202614379085
0.09450718954248365
0.1764705882352941	0.1022875816993464	0.08921568627450979
0.12297810457516338
0.12117647058823532	0.10666666666666667	0.09450980392156863
0.10961921568627453
0.6490596238495397	0.4761104441776705	0.41272509003601404
0.5205963185274106
0.41521423384168465	0.23631082062454586	0.20953159041394312
0.2867501089324616
0.7091292428790162
0.374076677902761
0.45449013597145965
0.6598485436735538
1.0037812296334445
0.3478775106676298
0.438037869005102
0.6595907232044128
0.996042563731955
0.33862145088010803
0.6241685578966936
1.002575968539612
0.28560196062885707
0.663964958908674
0.37869230185623304
0.8671822005155339	0.11816578483245149	0.013702347035680369	0.000949667616334283	0.	0.	0.	0.