0.45490196078431366	0.42483660130718953	0.41873638344226577
0.4331307189542483
0.4043572984749455	0.3394335511982571	0.37342047930283223
0.3627202614379085
0.3119825708061004	0.26666666666666683	0.33403050108932486
0.28789559912854046
0.8293717486994797	0.6609043617446982	0.590796318527411
0.7032837935174071
0.6283422459893049	0.44037433155080213	0.42063279857397456
0.49432620320855614
0.708334878013105
0.37863474747239967
0.528300120189622
0.7146803326633641
1.0597913559994891
0.3297134634297879
0.5035975683910764
0.7355115882786298
1.066243094588854
0.37285148848516614
0.6319353184261776
1.0006561594385908
0.2604637385921294
0.6278883276041396
0.36998218607491257
0.9364814814814815	0.06222222222222222	0.0012962962962962963	0.	0.	0.	0.	0.