0.22440087145969498	0.2056644880174292	0.15076252723311548
0.2050078431372549
0.23442265795206976	0.1420479302832244	0.06623093681917211
0.1610248366013072
0.31260504201680667	0.2571428571428571	0.16680672268907562
0.26342773109243695
0.7613445378151262	0.5996798719487796	0.4452180872348937
0.6304089635854342
0.673260711692084	0.49631082062454634	0.36806100217864934
0.5345983587509079
0.6931205097718197
0.3531114995848383
0.4576332247584061
0.7127744659458062
1.0147002290119196
0.34913056704504314
0.4695772618946349
0.6769246010959541
1.0027070482848564
0.364437673424499
0.6587315834259991
1.0036858342660067
0.29682579591364233
0.6397729258394603
0.34620343366652384
0.8132142857142857	0.16357142857142856	0.023214285714285715	0.	0.	0.	0.	0.