0.027450980392156862	0.018736383442265796	0.012200435729847494
0.02059694989106754
0.14074074074074072	0.11023965141612199	0.06797385620915034
0.1145411764705882
0.007751225490196061	0.015962009803921526	0.011335784313725467
0.01297959558823526
0.5294117647058817	0.3727090836334534	0.212565026010404
0.4013067627050818
0.34627450980392144	0.23056209150326756	0.13335947712418272
0.2540790065359474
0.6734345934161988
0.374147127536841
0.49853628726086957
0.6979232202314134
0.9925281638662204
0.3096658130830244
0.4205565571878068
0.6629338813353122
1.0075909283603806
0.37026930818871906
0.6495498089439701
1.0020194117548968
0.28041114233803516
0.6353120916063737
0.3556733913843608
0.8986764705882353	0.07808823529411765	0.014852941176470588	0.008382352941176471	0.	0.	0.	0.