0.347276688453159	0.3145969498910675	0.3084967320261438
0.3236727668845315
0.3437908496732026	0.27450980392156865	0.2623093681917212
0.2938339869281046
0.33442265795206966	0.22352941176470587	0.16318082788671026
0.24980675381263615
0.913085234093637	0.6962785114045622	0.6328131252501003
0.7538686674669868
0.7755966386554617	0.5213893557422972	0.47108123249299705
0.5916622072829132
0.6798459668916462
0.38661630991556145
0.48182440353286665
0.6821705578388872
0.9987718131344125
0.3022296674093473
0.39231816919698065
0.6294091433909634
1.0074080662761857
0.32774995646316835
0.6142414700269042
1.0002672635600454
0.2868485494790182
0.6749800742937906
0.38976921793050556
0.8652380952380953	0.12349206349206349	0.01126984126984127	0.	0.	0.	0.	0.