0.11241830065359476	0.06274509803921569	0.0662309368191721
0.07799477124183007
0.08453159041394336	0.05664488017429193	0.050108932461873645
0.06423790849673203
0.27521008403361336	0.23319327731092437	0.22619047619047628
0.24495798319327727
0.6771508603441381	0.4801120448179265	0.4537815126050415
0.5360249699879949
0.3623491704374053	0.19206259426847644	0.1953431372549018
0.24335226244343866
0.659349664053279
0.26425537232633617
0.38190086560683156
0.6497642519208702
0.9521125967977664
0.43130989600263026
0.5761737345846324
0.6712535902199753
0.9577041354180711
0.44245490162741846
0.6824478588031364
1.0064918062973327
0.26809132125338153
0.5795198706564625
0.32439261130648017
0.8493103448275862	0.12494252873563218	0.015977011494252874	0.006896551724137931	0.0028735632183908046	0.	0.	0.