0.42832244008714593	0.2440087145969499	0.15904139433551195
0.2894322440087146
0.5490196078431373	0.37254901960784315	0.29934640522875816
0.41696862745098034
0.16985294117647018	0.1426470588235291	0.14331550802139006
0.15085782085561464
0.7137254901960788	0.48835534213685444	0.4118447378951578
0.547018807523009
0.6320261437908498	0.38349673202614354	0.32307189542483605
0.45091859477124163
0.665095697749813
0.3268121858400734
0.45260603364751006
0.6571768135845898
1.0215732923489134
0.34079353687487873
0.46380083449650583
0.6430501155902788
1.0315038343030363
0.34408602150537637
0.5877779270910795
1.0000197775030921
0.24427341800615096
0.6559441306864324
0.4136038587325551
0.8979661016949153	0.07033898305084746	0.02440677966101695	0.007288135593220339	0.	0.	0.	0.