0.3333333333333333	0.24749455337690632	0.2318082788671024
0.2713721132897603
0.24705882352941172	0.20566448801742918	0.1747276688453159
0.21451459694989103
0.06307189542483659	0.04444444444444444	0.022875816993464047
0.04755522875816992
0.6490596238495402	0.43113245298119207	0.3359743897559025
0.4854446578631451
0.4667507002801115	0.29754901960784313	0.2534873949579834
0.34311729691876736
0.73011139165246
0.33583191527447254
0.3883641179341654
0.6200545474572148
0.9798917037900019
0.40665729151723184
0.4666581680641997
0.6817975937504746
1.0263551912543618
0.2885572139303483
0.6044796313717246
1.0000195310592688
0.3159242619442441
0.7114702385557305
0.3955501638385442
0.8830508474576271	0.08711864406779661	0.023728813559322035	0.006101694915254237	0.	0.	0.	0.