0.4434640522875817	0.1941176470588235	0.036274509803921565
0.2506781045751634
0.6108932461873638	0.29629629629629634	0.10108932461873639
0.36810718954248367
0.2924585218702868	0.145475113122172	0.08906485671191551
0.18299238310708907
0.7466986794717889	0.31236494597839126	0.1681472589035614
0.42578991596638655
0.8273309323729482	0.4514605842336935	0.22470988395358144
0.5379962384953978
0.6948161753423326
0.30866409586380444
0.4280465478320905
0.6538994568499078
1.0392382573944121
0.38667945397852743
0.5205390790819958
0.6259443093176021
1.0528077903915456
0.3343437768770499
0.554225074451271
1.0000843276975822
0.23445315503763073
0.6678041681521372
0.45185097305057953
0.8749122807017544	0.12350877192982457	0.0015789473684210526	0.	0.	0.	0.	0.