0.29673202614379085	0.29673202614379085	0.29673202614379085
0.2967320261437908
0.2322440087145969	0.2322440087145969	0.2322440087145969
0.2322440087145969
0.04038281979458445	0.04038281979458445	0.04038281979458445
0.04038281979458444
0.732853141256503	0.732853141256503	0.732853141256503
0.732853141256503
0.469994058229352	0.469994058229352	0.469994058229352
0.469994058229352
0.6815621773064526
0.2976650219010364
0.4077528628371178
0.714140302776366
1.0383712016552429
0.38645865330637774
0.4945909326008107
0.6981920212816953
1.0143991821194747
0.3228457210702074
0.6505232819751496
1.0001404351937517
0.3333800141833793
0.6807583824667109
0.34978179576605606
0.7816455696202531	0.17253164556962025	0.041392405063291136	0.004430379746835443	0.	0.	0.	0.