0.40740740740740744	0.1773420479302832	0.24357298474945535
0.25368191721132893
0.45261437908496727	0.24901960784313726	0.2872549019607843
0.31425326797385617
0.1715686274509804	0.048529411764705876	0.1343137254901961
0.09509754901960785
0.7325330132052824	0.46378551420568204	0.5097238895558223
0.5493779911964786
0.6223202614379078	0.3878431372549018	0.4430882352941177
0.46424973856209123
0.6743461802826592
0.3584015267428668
0.5523663579453345
0.6507898552945686
1.0195949839658773
0.3185714629550758
0.4774102649817008
0.6368482358350436
1.0337050469192384
0.41812047601302127
0.5781269985021856
1.0000888849386227
0.16749083777095877
0.5880614792201421
0.4225748735019085
0.8603571428571428	0.13107142857142856	0.008571428571428572	0.	0.	0.	0.	0.