0.5050108932461873	0.2636165577342048	0.1559912854030501
0.3235241830065359
0.4832244008714596	0.25795206971677553	0.14771241830065357
0.31274117647058813
0.22843137254901963	0.153921568627451	0.10392156862745099
0.17049999999999998
0.821608643457383	0.5408563425370143	0.426490596238495
0.6117635854341733
0.7421218487394953	0.5188900560224086	0.44406512605042037
0.5771063200280109
0.7046683104231146
0.3727351288804375
0.4408355040219996
0.6051972111699343
0.9922616039025399
0.3417395753758811
0.401880889416892
0.6159439366581401
1.0171052285629596
0.2897648639099302
0.5580860156648697
1.0005269315038603
0.26983602080887575
0.7119787645231016
0.4424657515140938
0.7938709125149803	0.18387262455059064	0.021742852251326827	0.0005136106831022085	0.	0.	0.	0.