0.47363834422657947	0.3542483660130719	0.34248366013071896
0.3886047930283224
0.4875816993464053	0.3860566448801743	0.3721132897603485
0.4148230936819172
0.1899782135076253	0.16804647785039936	0.14742193173565718
0.1722528685548293
0.7094837935174073	0.4817126850740289	0.45930372148859494
0.5472616246498595
0.6922125668449196	0.49007352941176496	0.45961452762923394
0.5470407754010697
0.6904459375463672
0.35149795796975275
0.49663155316151597
0.6606649291149599
1.014044172589043
0.3462660172252765
0.4453908668407734
0.6711912400288678
1.0111549560324045
0.3713449941870409
0.6199173520545762
1.0023216850545429
0.2538880184984408
0.6331295104681304
0.38280570355605215
0.9457575757575758	0.05409090909090909	0.00015151515151515152	0.	0.	0.	0.	0.