0.24270152505446618	0.13943355119825707	0.11895424836601307
0.16797603485838775
0.18649237472766886	0.08148148148148149	0.060130718954248374
0.11044575163398693
0.06554621848739495	0.032492997198879554	0.024089635854341738
0.04141792717086835
0.8132853141256503	0.5772709083633452	0.478991596638655
0.6366353741496598
0.7595294117647053	0.418627450980392	0.3525882352941175
0.5130286666666664
0.7135559065689685
0.34645897440818196
0.479703355235359
0.7198240034898107
1.0403042025343963
0.3678245036236367
0.4959088365030481
0.7329053602545245
1.0546535143318985
0.34868523311297844
0.6487120086567674
1.0008088946705747
0.3000300314986942
0.6521465978533441
0.3521337073500869
0.863225806451613	0.11225806451612903	0.022903225806451613	0.0016129032258064516	0.	0.	0.	0.