0.49106753812636167	0.37124183006535955	0.33507625272331154
0.40294684095860567
0.420479302832244	0.2588235294117647	0.22745098039215683
0.30358213507625265
0.2500392156862746	0.11537254901960788	0.08611764705882355
0.1523028235294118
0.7288515406162466	0.4567426970788314	0.4050420168067225
0.5322093637454981
0.7987076648841351	0.49046345811051717	0.41145276292335137
0.573621256684492
0.6648058926546218
0.3347945902851603
0.4636022309388623
0.6627401709622345
0.9850646655187495
0.34312189973603063
0.5483360945521651
0.6908055018816069
1.0001644258772016
0.4487473938366939
0.6557769177534598
1.0015636462030117
0.21368086463507868
0.5582890440599387
0.346123281461272
0.6641818181818182	0.25127272727272726	0.07072727272727272	0.012909090909090908	0.0009090909090909091	0.	0.	0.