0.3891067538126361	0.1925925925925926	0.16601307189542483
0.24832026143790847
0.4152505446623094	0.2091503267973856	0.1581699346405229
0.2649625272331154
0.4380952380952381	0.4476190476190476	0.4969187675070028
0.45039159663865536
0.8373749499799921	0.5252501000400155	0.46986794717887115
0.612261864745898
0.6939215686274506	0.2728758169934634	0.21918300653594724
0.3926475163398687
0.7065508972362523
0.3311442360929246
0.48818959514201543
0.6701430016932632
1.0068121825349263
0.3849492352318648
0.5185295691126807
0.6856144596371425
1.013953599485671
0.4163586952563455
0.6366171853355498
1.0047943510054083
0.22027972656599717
0.5884397646629532
0.3681827753745438
0.8952631578947369	0.09964912280701754	0.005087719298245614	0.	0.	0.	0.	0.