0.40522875816993464	0.18910675381263617	0.09586056644880174
0.24309716775599127
0.27538126361655774	0.13420479302832244	0.0383442265795207
0.1654884531590414
0.7350570997629822	0.6686059039000216	0.562292609351433
0.6763550958845077
0.6231292517006805	0.3831132452981192	0.28787515006002384
0.4440208883553421
0.5420479302832244	0.31059368191721115	0.2196623093681913
0.36943232570806084
0.6354347087757004
0.3862841307464724
0.5547317794226866
0.6251623992957301
1.0251084369763297
0.25244780657648086
0.3822088199101063
0.6029044971997443
1.0215381673875432
0.36793028739842565
0.5586812107597096
1.0062999619690505
0.22073134629747584
0.6527962266556492
0.44789100979339075
0.88	0.0940983606557377	0.02	0.005409836065573771	0.0004918032786885246	0.	0.	0.