0.35555555555555557	0.23572984749455336	0.19564270152505445
0.26698779956427016
0.35076252723311546	0.20784313725490192	0.1843137254901961
0.24789368191721128
0.15044563279857398	0.11686274509803911	0.09283422459893044
0.12416477718360064
0.7174069627851145	0.46018407362945135	0.4284913965586231
0.5334807523009202
0.5821765743334365	0.421267766365806	0.3823633156966492
0.4649443925718436
0.6784789438879102
0.36910951509451356
0.4743580383270268
0.6502684716582346
1.0302437149300387
0.311899052678702
0.42678884981004095
0.6589460583468388
1.031991215068045
0.32503506019397593
0.5901832261944513
1.0034186510616863
0.2670022461216243
0.6787703935341194
0.41395073354038525
0.8298181818181818	0.15690909090909091	0.012363636363636363	0.0009090909090909091	0.	0.	0.	0.