0.31078431372549015	0.2310457516339869	0.2218954248366013
0.25384444444444443
0.35904139433551197	0.29542483660130714	0.28366013071895424
0.3131050108932461
0.8103018985371917	0.7794895736072199	0.6848739495798315
0.7779162776221591
0.7021208483393363	0.5101240496198473	0.48723489395758235
0.5649217286914763
0.5874364560639068	0.3639651416122007	0.3252578068264344
0.42637042846768347
0.686297862320507
0.3896452152282128
0.558230999277868
0.616626325036851
0.9972134883029596
0.3034583362853579
0.39013858582558164
0.6109612008945309
1.0226215127804603
0.3725024963092713
0.558282492380595
1.0005201560819885
0.22146875121815196
0.6502720034898262
0.4423289301563046
0.9297773793515614	0.06125803077842522	0.008964589870013447	0.	0.	0.	0.	0.