0.55	0.33235294117647063	0.28104575163398693
0.39158039215686274
0.5259259259259259	0.31241830065359477	0.2705882352941177
0.3714884531590414
0.8110294117647061	0.688970588235294	0.588235294117647
0.7139823529411764
0.6759503801520612	0.42993197278911527	0.3488595438175271
0.494249219687875
0.6274999999999996	0.4003267973856207	0.33697712418300635
0.46102972222222194
0.6579050092532577
0.3318267385239662
0.5269011169393072
0.6938024866899759
1.0222544870195431
0.3292781589285352
0.5073250447516968
0.6665468481632426
1.021597323747344
0.43153107683567543
0.627886860592108
1.0000170991322204
0.19642694692124862
0.5688980269080272
0.3736947095307715
0.9284515636918383	0.06575133485888635	0.005797101449275362	0.	0.	0.	0.	0.