0.47320261437908495	0.18562091503267972	0.12287581699346406
0.26445490196078425
0.45522875816993463	0.2813725490196078	0.21830065359477124
0.3261653594771241
0.898529411764706	0.7651960784313725	0.6470588235294118
0.7915950980392157
0.9268507402961184	0.7298919567827136	0.601360544217687
0.7741300520208085
0.8128020240354198	0.4933080328905755	0.3623529411764706
0.5739078557874759
0.6506115134161358
0.3635429766847927
0.5124418604621891
0.6377662901392108
1.0048646214184238
0.2968503227812624
0.4011167771626168
0.6183362915355792
0.9921460519284983
0.3748832135978431
0.5935134080954895
1.0002735510394816
0.22890819557241715
0.6306478423499333
0.40685012988850205
0.7456451612903225	0.1625806451612903	0.06370967741935483	0.023870967741935485	0.004193548387096774	0.	0.	0.