0.3071895424836601	0.13769063180827887	0.12113289760348585
0.18648322440087142
0.3173202614379085	0.15849673202614378	0.15816993464052287
0.20594771241830062
0.11633986928104577	0.10849673202614381	0.11241830065359477
0.1112888888888889
0.7289315726290518	0.5095638255302115	0.4654661864745893
0.5701276510604238
0.613496307613955	0.3670741023682201	0.33743315508021376
0.4373752737458621
0.7453658829599991
0.34964173982469954
0.5588796616480992
0.7461018200674999
1.0548453321112872
0.3967261217512688
0.5820059194927245
0.7265783830632646
1.0465232474718824
0.4509931345269147
0.6555390989235494
1.002219758558194
0.20652047543006624
0.5514287660879585
0.34754345810624077
0.9043304668304668	0.09152334152334152	0.004146191646191646	0.	0.	0.	0.	0.