0.5429193899782135	0.4745098039215687	0.49455337690631807
0.4972492374727669
0.4727668845315904	0.44705882352941173	0.45838779956427017
0.456037037037037
0.7431372549019608	0.715032679738562	0.6091503267973857
0.7113653594771241
0.710604241696679	0.4981992797118841	0.46498599439775856
0.5579220488195274
0.6475681181563533	0.4682709447415331	0.44267888973771347
0.5189633053221289
0.6535917724296887
0.3431525667921303
0.4795025772547289
0.6650141602955
1.040987902479337
0.31463090492219103
0.4022730302024207
0.637941878855236
0.9955898226205653
0.33305761735115663
0.6002694650838553
1.0007207785342973
0.2703930482075881
0.6684791603363772
0.40138581800415907
0.9054887449892075	0.08495220474868949	0.009559050262102992	0.	0.	0.	0.	0.