0.3904139433551197	0.35904139433551197	0.31023965141612203
0.3628583877995642
0.37549019607843137	0.3467320261437908	0.28660130718954246
0.348475816993464
0.6797058823529416	0.6656862745098043	0.5889215686274513
0.6611269607843142
0.8541816726690675	0.6873949579831936	0.6236094437775112
0.7299926370548222
0.7202001633986922	0.4820465686274509	0.45196078431372555
0.5498247140522874
0.698255344026163
0.3233220222305865
0.3997166442010703
0.6342572270919786
1.021852576909421
0.386714975034171
0.5147498106829914
0.6203688760855195
0.9991004382617779
0.35795765905391685
0.5869240373425982
1.0139782468328513
0.24606348958403096
0.6653933031263468
0.42715362026295095
0.7433928571428572	0.21321428571428572	0.04267857142857143	0.0007142857142857143	0.	0.	0.	0.